8 11 30 200 100 5
0 1
0 4
0 6
1 2
1 5
1 6
2 7
3 7
4 5
5 6
6 7
61 151 3 183 132 110 96 164 108 82 192 106 144 100 169 97 112 134 90 81
47 56 175 21
35 110
26 168
139 54 80 63 137 127
152 19
122 5 147 72 124
143 29 42 193 81
36 121
40 19 166
176 158 165
83 195 19 171
92 74 108 153
119 111 6
70 115 14 21
128 156 32
181 113 195
163 8 119 151
54 79
194 151 115 71
152 7 52 117
158 2 186 119
152 47
135 132 143 33
163 193
15 5
5 130 158 157
175 173 115 150
160 186 104 99
41 50
29 195 92
54 180 13
44 159 115
119 66 114 105
129 109 55
61 43 194
46 14
191 84
21 17 91
155 15 145 196
25 3
146 153 31
180 6 21 28
175 129 81 89
138 100
89 31
183 181 152
141 137 51
168 111 48 70
119 27 176 54
72 57 52 34
68 90
199 188 104 28
177 158
81 86 27
122 85 24 160
141 165 70 179
73 48
33 125 187
150 72
21 131 85 33
137 100 105 140
151 144 194
22 153 155
197 121 92
139 154
69 90 196 19
169 8 104
44 163 11
102 126 113
78 61 1 72
73 87 77
3 17 61
17 13 171 33
146 159
17 139 9
136 169 120
30 105
174 60 123
185 134 11
0 153
163 100 29
11 87 46
168 148 123
12 142 70 10
89 56 80
132 140 181
171 199
26 117
124 156 88
119 29
180 58 148 172
176 192
137 196
157 120 69
56 166
181 17 175 42
63 25
141 77 136 63
129 79
186 0
0 3
110 7
138 2
15 6