43 214 30 1000 500 43
0 5
0 12
0 14
0 18
0 25
0 27
0 29
0 32
0 35
1 4
1 8
1 13
1 22
1 28
1 36
1 38
1 39
2 13
2 15
2 17
2 20
2 24
2 25
2 31
2 32
2 36
2 40
2 42
3 11
3 19
3 20
3 21
3 24
3 31
3 36
3 40
3 41
4 6
4 11
4 12
4 23
4 40
5 11
5 12
5 20
5 22
5 23
5 29
5 37
5 40
6 10
6 16
6 20
6 22
6 25
6 28
6 32
6 36
6 38
6 39
7 10
7 13
7 15
7 17
7 22
7 25
7 26
7 29
7 39
8 15
8 20
8 30
8 35
8 37
8 38
8 41
9 10
9 17
9 19
9 20
9 27
9 30
9 31
9 39
9 42
10 11
10 16
10 25
10 29
10 31
10 40
11 13
11 21
11 22
11 24
11 27
11 34
11 35
11 38
11 40
12 18
12 24
13 15
13 16
13 22
13 24
13 39
13 40
13 42
14 19
14 22
14 24
14 32
14 33
14 38
14 41
15 19
15 20
15 23
15 25
15 27
15 32
15 33
15 34
15 35
15 37
15 38
16 19
16 20
16 23
16 25
16 26
16 30
16 34
16 39
16 40
16 42
17 23
17 29
17 34
17 38
17 41
17 42
18 39
18 42
19 20
19 23
19 31
19 37
19 38
20 23
20 26
20 28
20 32
20 37
20 42
21 22
21 30
21 33
21 34
21 35
21 39
22 29
22 33
22 36
22 37
23 24
23 27
23 34
23 37
23 38
23 39
24 35
24 40
24 41
25 29
25 31
25 32
26 33
26 34
26 37
27 28
27 36
28 32
28 34
28 35
28 36
28 38
28 41
29 30
29 34
29 36
29 42
30 35
30 36
30 37
30 40
30 42
31 35
31 42
32 40
32 41
33 34
33 36
34 38
34 40
34 41
35 38
35 42
36 38
38 40
38 41
40 41
40 42
908 12 4 825
732 302
930 9 231 938
452 290
800 641 893 483
107 691
471 343 933
989 275 51
238 421
942 115
392 313 858
512 911 112
28 659 736 525
145 761 570 147
12 559 4 171
364 128 47
123 304 328
711 667 329 710
52 191 766 562
340 689 950
757 298
251 618 628
813 678
0 322 493 736
954 320 289 297
1 688
374 275 795
53 442 701
285 548
290 7 318 841
850 776 216 915
731 809 469
434 269 682
552 510 723
166 253 891
399 814 789 508
439 725
267 544 114 1
594 867 378 588
181 813 770
692 483 871 747
568 257
92 426 653
37 55 784 232
295 485 580 843
100 17
701 570 235
387 915
726 177
33 352 464 204
159 86 911 867
51 94 654
36 87 29
602 101 878 735
395 485
124 892 576 760
412 304 616 224
703 221 270
206 111 83
546 610 71 997
56 133 743 681
126 16
95 497
112 406 163 683
616 731
294 242 792
520 750
229 658 485
968 315 22 409
765 576 640
131 206
330 102
47 117 499
856 802 683 655
187 942 533 181
460 324 574 942
664 180
966 362
687 865 989 839
137 586
351 369
339 147 228
755 952 191
600 511 820
235 250
541 894
814 415 869
795 288
899 22 762
545 252 829
562 546
945 477 901
433 179 464
984 716
743 318 584 703
973 34 770 683
305 749
948 152
202 980
682 832 412
274 157
468 839 202 427
349 613 86 507
760 779 320 450
234 966 557
508 200
845 519
89 936 674 364
455 587 192
444 951
769 858 972 480
656 284 148
259 322
735 618 298 793
696 640
484 741
734 429 707
38 654 251
926 807
919 278 353
603 106 878
960 973 147 214
542 495
925 844
728 918 966 360
155 32 493 153
523 366
612 73
46 871 751
404 341
346 387
113 701 610
104 224 246
61 939 715 384
514 624
272 945 702 379
946 342
314 321
17 422
953 539 104 91
182 139 350 25
278 560 485
798 318
303 782 368 312
613 797 327
543 37 918 730
723 226
469 295 744 958
932 186
929 30
268 16 378
196 57 307 311
215 148 748
624 409 619 507
55 904 271
190 334 930 244
173 840 36 431
431 644 947
476 52 336 282
487 241
359 467 446
571 487
133 582 93
809 720 456 502
744 295
855 512 562
317 216 741 668
535 505 788 596
244 621
713 271
228 421 622 901
998 351
185 959
6 931
337 444 643
981 845
466 927 361 792
389 486 18
174 793 104
129 406
844 207 812
699 531 12 47
524 720
756 596
770 525 611 130
708 580
771 456
127 748 703
614 869 675
762 390 636
106 987
160 411 837
162 519 366 542
427 476
144 169
85 611 863
673 235
157 349 619 189
792 658 256 941
645 227
191 673
75 835
263 615
68 239 605 663
831 491
937 491
447 795
437 117 457
183 770
237 958 652
177 860 320 50
790 709
398 183
885 621
782 635 451
938 518
413 704 711
297 317 928
79 876 283
356 644 947
141 69
705 214 960 716
936 494
210 973
98 934
498 873 9 649
386 110 991 63
388 418 100 17
506 20
22 206 572 121
834 536 744
628 938 518
887 866
912 364 494
117 437 143
483 420 738
184 400
841 495 162
646 121 650 750
345 704 165
119 17
194 627 44 607
23 878 708
240 10
634 475 413 74
80 523 495
772 687
225 350 527
961 864 286
324 544 784
737 101 831 259
325 112 52 24
318 290 245
171 970 18
826 536 344 417
905 200 669 145
710 385 111 893
898 351
650 900 156
139 527
461 73 566 612
601 42
103 862
608 923 791
454 372
649 795 954
977 434
987 537 672 580
865 340 21
264 869 786 540
698 50 177 860
513 199 285 623
504 919
878 563
326 415
25 527
488 663 445 701
63 528 143
578 651 565 680
871 88 751
323 180 753 488
406 753 805 676
598 488
876 348 812
864 286
50 401
246 224
688 899 932
581 743
58 31 244 915
822 305
780 812
978 410
115 681
738 759
10 619
972 480 534 7
788 21 526 756
334 300
91 343
515 80
557 957 969
548 998 866
201 985 367 852
922 837 823
293 140 131 584
638 968
874 907 177
803 401
442 512 737
499 881 4 118
712 700
32 770 847 341
54 919 463
511 484 216
277 36 431
783 572 156 942
470 273 448
611 155
64 73
947 842 848 520
564 509 385
725 269 404
927 941 361 739
438 800 385 564
170 291 362 400
423 195 377
679 235 466
820 760 177
249 593 70 671
888 358 608 26
995 510 85
599 841
97 861 684 40
403 716
419 307 481
665 811
641 482 385
69 502 141
875 341 85 725
459 991 370 332
260 594
211 733
342 821
299 583 546 319
642 184 400 56
957 969 918
142 121 304
891 804 205
497 526 328 109
971 70 671 439
884 775 389 529
983 373 342 774
996 219
825 550
304 142 646 206
758 318
87 307
370 143 459 75
640 762 520
747 134 555 722
239 610 637 805
355 625 915
503 716
921 672 362 400
40 753 691 239
254 4 645
671 394
261 159
801 938
283 767 5
350 771 914
236 245 608
62 778 396 586
660 609 402 820
331 374 852
60 975
368 822
27 114
730 243
718 150 198
869 423 675
551 883 233
420 688
586 186 688 470
706 950 639 544
306 240 349
287 614
489 552
724 968 534 326
659 913 503
858 188
839 325
533 142 646 773
917 964
309 91
833 338 473
352 302 36 277
34 452 581
906 359 222 722
59 442 512
491 512
549 98 741
827 807 680
916 633 413
625 569
110 117 370
585 280 488 180
410 497
980 806 308 88
102 345
71 470 778 932
677 950
591 669 743
426 690
88 51
704 475 74 149
797 354
877 84
979 993 223 292
78 237 652
286 875 995
243 665
284 685 654
837 747
805 280 97
13 278 564 395
569 930
332 117 370
702 879
192 144 587 52
158 589 439 944
298 909 343
622 489
451 305 416
464 15
26 923 245 758
130 155 510
915 58
836 633 102 475
633 413 634
445 701 180
924 723
740 222 747 446
879 96
250 691
7 769
149 828 42 262
165 149 74
627 125 929
501 945 632
554 358 798
862 851 436 567
685 251
636 959 352 762
120 284
539 735
766 856 999
854 183 341 269
383 81 304
629 574
154 116
716 552 421
750 301 156 383
242 962 465 198
222 579 321 722
775 884 494
745 547 131
580 400
521 596 526 756
223 673
195 786
529 936
322 512 442 59
789 634 74 742
584 33
847 875 525
4 391 707 299
472 355 31
199 619 274
964 917 985
8 666
291 921 56 573
213 70 671 368
778 899
463 482 800
832 399 119
547 745 818 857
604 196 261 481
714 531
816 977 394 451
767 988 115
408 650 121
39 344 733 76
668 787 371 19
652 211 237
86 349 172 199
327 647
620 182 141
43 873
859 0
606 1
927 2
541 3
220 4
207 5
104 6
814 7
492 8
838 9
306 10
883 11
322 12
509 13
690 14
195 15
845 16
100 17
912 18
628 19
933 20
865 21
650 22
400 23
455 24
661 25
791 26
114 27
924 28
159 29
627 30
376 31
310 32
263 33
77 34
687 35
352 36
728 37
38 38
536 39
97 40
901 41
836 42
