43 214 60 2000 1000 43
0 5
0 12
0 14
0 18
0 25
0 27
0 29
0 32
0 35
1 4
1 8
1 13
1 22
1 28
1 36
1 38
1 39
2 13
2 15
2 17
2 20
2 24
2 25
2 31
2 32
2 36
2 40
2 42
3 11
3 19
3 20
3 21
3 24
3 31
3 36
3 40
3 41
4 6
4 11
4 12
4 23
4 40
5 11
5 12
5 20
5 22
5 23
5 29
5 37
5 40
6 10
6 16
6 20
6 22
6 25
6 28
6 32
6 36
6 38
6 39
7 10
7 13
7 15
7 17
7 22
7 25
7 26
7 29
7 39
8 15
8 20
8 30
8 35
8 37
8 38
8 41
9 10
9 17
9 19
9 20
9 27
9 30
9 31
9 39
9 42
10 11
10 16
10 25
10 29
10 31
10 40
11 13
11 21
11 22
11 24
11 27
11 34
11 35
11 38
11 40
12 18
12 24
13 15
13 16
13 22
13 24
13 39
13 40
13 42
14 19
14 22
14 24
14 32
14 33
14 38
14 41
15 19
15 20
15 23
15 25
15 27
15 32
15 33
15 34
15 35
15 37
15 38
16 19
16 20
16 23
16 25
16 26
16 30
16 34
16 39
16 40
16 42
17 23
17 29
17 34
17 38
17 41
17 42
18 39
18 42
19 20
19 23
19 31
19 37
19 38
20 23
20 26
20 28
20 32
20 37
20 42
21 22
21 30
21 33
21 34
21 35
21 39
22 29
22 33
22 36
22 37
23 24
23 27
23 34
23 37
23 38
23 39
24 35
24 40
24 41
25 29
25 31
25 32
26 33
26 34
26 37
27 28
27 36
28 32
28 34
28 35
28 36
28 38
28 41
29 30
29 34
29 36
29 42
30 35
30 36
30 37
30 40
30 42
31 35
31 42
32 40
32 41
33 34
33 36
34 38
34 40
34 41
35 38
35 42
36 38
38 40
38 41
40 41
40 42
1652 1844 1983 861
366 1297 1006
1904 478 1277
1810 1529 1521
783 780 1547
807 1943 1648
684 200
1538 767 1904 318
1439 381 1480 1724
1200 579 1485
739 1258 1570
41 411 1281 960
1875 1860 1796 433
1653 395
1041 827 216
788 774 1959 1587
642 1006
510 1542 1087
1197 394 359
752 1005 1745
838 935 832
188 798
449 432
920 1118 1535
272 961
1287 1877
1494 1642 966
956 92 725
38 308 104 618
1876 1848 42
1814 1921 1421 742
797 613
824 766 1501 1269
1300 378 1998 1500
1496 1575 1633 670
262 346 1376
882 1815
1742 805
589 1501
596 1759
346 1876 755 1259
565 1539
95 601 1554
86 982 1325 179
1444 1742 1816
1424 251 637 168
741 1469 367 1513
1828 681 512
1014 1457 1455 1907
975 1985 14
392 862 939
1519 1420 1917
191 296
1962 147 390 1061
1688 1425 817 117
624 280 548
499 1955 104 1799
1837 1813 378 942
1553 920 228
1658 1862 138
1536 192 1532
481 413
733 1056 1618
973 1976
1296 97
42 1537
260 1292
8 920
1269 206 904
1926 1336 1355 1156
936 1022
1202 586 1522
949 399 407 1230
720 330 920 675
1873 1871 1884
236 591 1334 1259
1207 1928
1169 443 1424 308
1888 1498 606 1778
0 531 1219
1798 627 400
466 979 1031
758 335
1124 779 1513
357 487
772 1162 1407 1929
1710 1664 1228 1860
564 534 900
635 1191 1397
747 1860
34 1413 798 1116
1860 1051 1789 1463
627 1792 604
1040 1001 1531 769
1713 174 1083
131 1293 1392
223 621 1726 1330
1396 914
722 1208 918
25 661 1468 1769
63 1481 512 1027
982 536 572
251 1197 1034
164 1273 1610 808
526 827 1850 392
1609 503 1736 153
1884 123
1254 70 0
1221 1229
942 1928 759
1722 264 1639
362 713
1523 1509 279 708
355 1018 1894
168 1734 1575 761
1529 1452 1511 966
1695 1046 1163 1783
996 1303 733
505 950
296 217 867
1059 1364
1143 928
1034 1849
660 1685 154
1806 502 958 719
1594 1483
263 1407 865
1231 1966 1423
1608 1527 897 106
742 1576
1548 425
340 142 1052
549 423
350 1400 153 1729
805 1598 1140
283 963 1657 1442
144 101
929 596 795
253 851 149
1917 1366
1498 613 677
1201 933 1631
58 938 952 361
1112 503
1702 1140 40
1114 331
1082 291 1294
1463 1668
1154 1151
12 808
582 236 136
389 73 1639
1174 652 974 1261
968 814
1606 696
434 1397
1000 1306 604 993
490 524
1320 1893
1626 148 1936
424 189
1703 133
1020 457 1627 1997
619 649 697
165 1895
569 1104
1488 1310 702 1660
1218 1358
779 1128 632 1016
948 775 1467
1259 1279 1451 42
1216 977
445 1046 897
872 586 605 1296
1302 572 353 369
759 586 215 1950
685 518 252
1061 39 1418
578 19 716 1991
411 815 1358 1343
648 1637 644 1216
477 781
939 1599
767 1368
928 38 1415 680
884 742
1598 410
4 420
1582 1284 1449
855 220
1515 1204 1371 1615
1414 739
1589 1463 1949 6
36 1435 142
1847 414 724 1729
1887 1277 687 1541
1592 1655
830 847
1490 1744 972 92
696 1907
1745 1410
1999 610 1296
178 1492 1326 1057
390 36
1117 1352 1634
842 154
1846 737 562 1352
632 405
912 1688 1389 1618
1950 396 1166
128 1531 1654
1600 609
1771 404 847
443 980 1611
1039 779
1164 541 648 1060
1346 1965 472 1590
1019 1775
925 5 767 988
773 783
1893 334
423 1703 1355 675
651 197
1317 152 1513 962
843 1624
1173 1548
937 1828 1543
729 642 106 580
1951 1755
257 922 906
1361 1230 382
305 451 1381 1350
1142 406 585 1014
237 536 295
1453 535
1275 840 390 1741
974 60
1089 1388
886 105
1785 1509 830
1556 833 859
1728 1276
1845 715
1244 1737 1049
267 636 1051 1275
827 999 629 766
794 1764
876 207 1747
1864 1271 907 1133
1452 265 1200 1053
385 353 1138 1888
899 1970 1267 1122
284 656 1838
675 1355 614 423
252 1902 861 445
789 634 165
1242 1627 1958
17 422
464 1880
504 560 1775
1344 822 1283 764
595 563 1857 630
1053 784 1565
1180 1882 792
337 667
2 466
134 1241 568 906
1410 1982 1230
738 1068 396
1700 1665 1009
891 1679 1913 152
27 440 1812 810
460 756
235 229 1779
1219 820 177 1614
1661 1013
1781 1852 628 1916
503 1801 973 913
1193 1522 328
1679 1581 795
1434 249 1956 746
1413 311
455 336
372 518
1749 385
73 1822 1688
677 1628 1266 1053
377 1417 1247 423
1827 470 186 932
880 472
1763 1852 454
671 971 394 690
1959 1377 289 255
1431 1561 503
1448 76
1786 52 144
1131 878 1678 1848
1854 427 1191 1593
1274 1201
1309 1986 410 1439
483 1418 396
1623 994 88 1183
1060 1164
1932 383
678 1956
554 1528
835 110 1038 1471
315 1749
1240 1862
1090 662
1829 682
1455 409 1721
559 1191 112 1580
300 1458
1333 495
373 700 1211 1598
1489 527 225 1020
1922 325 683
640 848
1377 1202
1122 688 1477 1827
1385 304 1619
1043 77 1793
230 1196 187
1130 699 12
1984 210 1431
1099 1813
1098 360
1190 1159 228 913
369 1843 1444
866 196 419 1787
1079 217
1988 767 844
1086 667 1843
1792 475
1625 1024 852
535 1661 83
962 375 1568 1143
1314 1539 521 109
242 1023 1325
918 557 1766
398 611
697 1161 558
354 1455 514 1282
167 1324 1291 135
151 1691 631
1386 1231
120 1447 1872 656
1327 16
1446 260 1475
364 18 1224
829 657 1854
673 790
924 1995 1885 1435
1136 313 1078
216 1655 1406
1704 1837 343 298
1514 1998
978 1407 384 505
122 1156
153 1813
1784 821 1929 1211
763 952 1144
1303 1514 1879
1038 143 1617
224 1402 104
1466 148 975 1838
222 1723 1484
726 1596 1354 450
1630 70
125 784
1572 638 858 1072
800 710 1888 1132
963 1187
1628 677
841 542
980 1983
121 1619 304 1390
967 1206 615
348 283 1269 1532
1388 1880 1660 1355
123 1687 175 1181
1471 1472
412 840 1571
1047 1343 163 1087
1799 227
169 1433
244 376 58 1127
1457 828
613 1692 1412
1954 780 904
1393 539
1662 686 190
44 1841 627 265
266 1829 1939 974
1217 1648 1515
192 1232
287 920 1880
417 344
1732 1446
1817 871 1235 1534
270 1990 951
687 329 763
233 1163 1288
1070 1167
1229 469 1261
378 542 1748 1255
1093 440
1292 253 933
1338 63 1425
298 903
1027 674
1332 1144
1675 1393 735
917 1410 253 1943
1549 1014 1726 252
307 1787 1485
1454 445 1034 1209
90 1136 1178 1376
1631 458 1273
332 1243 1715
108 882 1023
1812 474
221 1773 1939 1046
19 1260
1518 1997 387
137 4
451 1283
401 124 402 1253
1923 887 428 159
492 1073
40 701
1987 414 1932 1606
1195 1782 674 18
1669 1035
808 1952 1471 1430
208 329 231 1983
1821 1706 1123
1230 294
1403 30 1599
414 1635 650 1759
1066 108
1645 1336 1632
1916 1494 1441 1436
1233 671 593
1889 1024
1175 1829 975
1614 450 1284 402
932 1267 759
592 1363
755 1521
382 1919
811 665
1585 1535
1024 1259 1106
869 1247 1417
1735 56 1857 362
761 1383 1356 1801
313 1897 887
469 237 652
394 213
1483 149
746 690
1427 1924 302 947
1971 175
771 1489 1683
1315 1071 358 1909
1535 1572 1941
1405 1294 1639
778 1107 997 273
1942 1450 164 713
468 839
1985 1177 35 751
506 1311 1625 1410
707 825 499 1262
1363 1685
1045 306 1194
485 641
647 1465
775 1814 1076
1265 1319
737 442 1543
1291 499
440 1108
740 555 989
706 1452 487
1668 1577 1168
821 373 1875 1211
1746 777 1680
441 591
160 467 1691 134
760 575 874
1001 1168 1575 1295
1055 200 1744
1929 1211
220 1516
1120 141 771 1278
381 655
1375 1329 1678 987
1639 828 1103 149
1550 1528
1885 632 1562 765
1286 834
1571 116 1437 1275
727 1994 489
983 1784 1714
334 693 1426
1467 1391
1481 1988 1856
383 1390
1225 330 244 300
1146 1562 1573 1962
965 269 1771 1698
368 439
735 1160 1264 1675
654 1899 1577 284
1575 682
403 761 1984
1726 488 323 40
1101 426 977 1956
568 631
282 1080 1394
1501 646
327 1465
630 1272 1750
1376 261 1859
1078 90 57 1787
295 652 843
498 1357
1354 760 474
320 1093 1108 810
545 1172 1520 574
32 269
693 472
1006 743
1637 986 511 1222
888 358 1475
1921 1067
643 1086 1644
478 516 1683 225
1301 1974
1772 1342
1958 1535 1302
452 34 479
247 1141 258 1655
628 934 371 1877
1747 561 115
1562 1313
985 232 1537 1972
418 1816
241 1555 194 677
831 1187
809 720 620
1741 696
1387 556 648 850
1673 1358
791 1528 1884
970 1618 1782
200 1830
1936 1726 605 1626
6 1704 309
1683 1486 478
857 123 1236 1206
1239 1937
979 1316 1180
1754 162 1791
1935 871 1855 329
1756 949 256 1665
861 1527
1422 576 178
862 243 1538 458
1706 1278
875 269
64 486 1921 435
112 1709
1271 1600 1597 874
275 1201 917
1729 1379 1391 841
1289 997
1927 927
261 955 548 1906
79 207 5
1840 609 450 1039
1824 1212
784 607 44 1403
1482 1203 642
1281 924
1930 10
1293 290
124 1363 1219 726
1370 922
1046 1479
189 1194 1226 1412
1003 1953 1224 486
1425 75 1471 338
1937 900 218 890
306 10 1300 797
1031 809 516 527
600 1298
1681 764 49 45
766 3
1171 399
37 543
181 1566 1434 416
1973 1494 1852 741
1503 1216
23 1678
335 1975
1789 508 743
1822 1688 64 970
410 1661
785 625
1961 985 1982
319 577
536 744 1448 1959
1801 1561 1658 1742
321 1697
1030 1718 1579 800
9 1513 804 517
183 1508 1890 1113
26 1884
989 222 922 467
1237 895 756
1110 488 1726
1484 1121 922 1044
1199 1527 280
458 582
1357 242 1526 1462
1113 155
1105 413 601
1968 1645
1525 491
1980 576 1651
638 1242
231 1817
863 611 725 1794
1948 949
952 980 1235
1198 865 460 596
1908 130 32
1411 1102
1461 270
518 1781
1731 1222 1260
798 1137
1682 1886 1102
1566 138 944
768 966 1949
897 1993 1516 1545
1646 1229 1624
1967 1880
1362 469 1959
1738 1841 1599 799
840 267 636
1056 106
1953 1154 1067
1611 1144
286 1794
790 2 1727
1318 1645 187 1938
60 1466 749 1575
1966 397 1333
998 29 351 1787
1167 1391
927 1173
1979 1280 1714
1479 284 703
1853 1795
531 737
894 1820 1537 852
893 1030 1204 1844
1350 434 181
1367 1204 13 1718
299 499
513 1396
453 86 513
1285 999 926
273 1950
1054 835
182 1120
716 1424
519 1791 1754
278 1204
594 1528
1769 1682 264 296
1469 1230
1284 1219
1394 1080 1964 336
1007 866 1923
976 707 1516 429
13 1097 800
1228 1932 870
1335 1603 812 79
105 1927 679
669 193
692 321
509 315 800
1719 724
255 1624 211
1245 1688 364 1151
953 539 1955
1903 1138 1495
524 182 516 141
1584 130
371 776
865 1796
1092 869 423 1417
560 278 1378 509
1418 1803 432 778
563 291
196 604 419 1145
185 1741
336 1515 1503
867 1091 853 653
1263 508 441 452
1036 388
1996 1062 1052 940
149 1457
277 302 1991
525 1918 1508
680 1240 556
508 1340
1733 857 1397 813
1924 1761 1275 352
1892 1315
1866 329 1983
1622 357
397 542 366
302 352 1427 390
1579 353 1030 111
1192 1242 982 188
607 1025
1678 1621
54 385 564 1438
1640 1463 394 416
1641 1481 348
1155 776 1406
1603 1641 283
1157 374
1970 1459
1712 1117 1558 1564
810 1363 803
1364 1009
1288 1702 1979
873 1023 1462 962
930 472 1127
10 274 1721
698 803
1451 740
1211 1714 1836 179
871 88
65 137 220
1111 1027
951 1990
1262 1075 1291
1766 66 1210 1631
323 1736 684
1010 1837
1524 940 639 799
1280 824 1163
1739 521 596 526
461 1154 1245
622 1135 1190 163
1629 318 358
239 1736
756 1165 788 497
1615 1150 1848 362
1125 120
616 1809
1473 1264 1468
1163 1288 342 551
93 728 543
969 458
1016 170 400 1272
1564 1525 1846 1671
1838 1466 685 1575
656 284
1665 1882
540 1660 1682
1788 749 1046
1404 899
1976 1992
1165 1951 505
92 967
249 363 1434 426
1369 1690 133 1931
448 396 778 899
839 1957 1191 1216
1991 356 644 431
583 707
475 1554 1826
147 1552 552
934 1155 1222 1126
909 1955 539 1809
1783 538 897 645
1247 869
1408 1956 1322 426
799 30 1996 1565
48 1610 691
1618 1953
1141 741
1871 218 646
885 355 330 472
206 773 1759
598 180 445 250
1321 1890 153 1918
1920 796 1892 1772
1436 1104
1714 1979
444 1644
1107 1710 899 1289
751 1183 1985 46
1544 1582
140 1968 1733
803 1488
636 553 154 848
633 742 1639
964 910
992 1668 1577
387 1037 1308 790
1330 1103 102
18 612 1022 884
1848 987
127 1001 60 1838
1103 1853 1531 601
311 1859
887 1413 261 1256
356 277
532 1602
259 714 1543
1477 1404 606 997
280 1902 585 250
186 1827 448
1476 217 1947 34
1894 1457
743 1043 669 508
844 1942
1432 356 947
1978 1711 890
1881 995
762 1427 1741
915 686
1374 1002 1304
1270 1891 1254 183
1672 1691
111 395 1749
1108 124 1504
176 106 580 642
62 186 759 1289
1326 765 272
1547 273 1459
670 1636
903 735
1126 776
1886 264 1904
1717 773 1824
1944 136
1148 1794 875
721 1225 300 31
1526 1462
1378 1888
1380 1324 976
1994 1561 1946
1546 1368 1556 1430
658 191 1518
338 1176 332
495 1498
1867 1541 86
163 1984 1382 622
1272 630 878
1537 367 253 1753
1802 1748 1588
1341 1469
653 591 1744
686 930 209
1194 1008 354 1300
1397 777
1795 345 1853
1896 298 1384 1955
1787 697 604
70 1283 1463
1140 1223 655
1680 547 230
324 1052 265 1576
958 39 834
303 1233 1344 1604
1698 1945 1813 153
1857 573
1693 1069
1870 184 1615 1056
431 390 425
966 1098
1084 163 147
89 1765 1151
1076 389
1530 1495 1059 1903
407 1074 1865
225 1423
146 190 693 915
1578 1785 869 540
646 156 1937
66 966
1934 836 1654 1294
1507 1436
161 920 1880 296
541 856
604 697 998
1835 1505 1255 80
1694 1199
1764 1476
1323 909
1279 1794 1698
1826 345 1616 711
1751 1308
881 1324 825
1220 336 1080 248
1185 1899 215
1342 1137
734 1670 546
20 1745
1743 1826
662 1112 926
1430 370
1914 194
601 1853 1294
96 702 1281 1114
1389 612 1195 1618
1127 915 1460
1184 1441
818 745 1246
415 990 1500 1928
708 1615 170
1012 1824 1373 1932
1123 276 1423
316 583
1520 648
46 1349
1080 1922
1687 131 1968
1152 820 1596
1945 770 995 1118
1391 1070 1533
145 1263 1992
1295 570 127 1125
1872 38 251
1419 1319 1472
1115 1647 1825 1393
1531 262 1105 704
250 113 40 323
521 83 281
1869 1423 661
1048 999 807 655
352 116 848
171 435 1395 1245
1925 527 182 25
154 1741
1660 1102
1373 1871 383 1711
228 901 210 41
166 1449 1625
152 1298 804
1212 383 650
1761 302 116 636
482 532
1794 725 510 1890
780 717 5
158 1350
1856 283 780 904
1150 630 23
1855 1149 357 1144
243 943 234 360
1504 935 401 575
516 276 1248
380 74 165 345
1995 632 723
1634 67 737 1551
700 1702 1587 179
644 116 1427
413 916 789 380
1946 147 1984
730 1005 133 436
104 931 1323
1368 1109
1032 1022 1067
1505 1167 495
556 648 655
1750 1310 563
1002 1055 34 452
1246 33
859 386 457
399 951 1601 1839
1605 1937 1506
711 102 828 1409
430 1122 997
1328 628 317 1523
1352 699 714
198 1582 242 498
1026 461 1151
695 610
1149 35 1716
1176 0
1559 1
191 2
3 3
757 4
283 5
1675 6
1998 7
837 8
1740 9
514 10
1929 11
59 12
1204 13
303 14
1227 15
1802 16
418 17
1705 18
549 19
917 20
109 21
572 22
1482 23
427 24
620 25
1550 26
1504 27
702 28
481 29
544 30
1521 31
183 32
857 33
145 34
1611 35
116 36
1819 37
1125 38
958 39
1199 40
1356 41
1409 42
