43 214 281 10000 6666 129
0 5
0 12
0 14
0 18
0 25
0 27
0 29
0 32
0 35
1 4
1 8
1 13
1 22
1 28
1 36
1 38
1 39
2 13
2 15
2 17
2 20
2 24
2 25
2 31
2 32
2 36
2 40
2 42
3 11
3 19
3 20
3 21
3 24
3 31
3 36
3 40
3 41
4 6
4 11
4 12
4 23
4 40
5 11
5 12
5 20
5 22
5 23
5 29
5 37
5 40
6 10
6 16
6 20
6 22
6 25
6 28
6 32
6 36
6 38
6 39
7 10
7 13
7 15
7 17
7 22
7 25
7 26
7 29
7 39
8 15
8 20
8 30
8 35
8 37
8 38
8 41
9 10
9 17
9 19
9 20
9 27
9 30
9 31
9 39
9 42
10 11
10 16
10 25
10 29
10 31
10 40
11 13
11 21
11 22
11 24
11 27
11 34
11 35
11 38
11 40
12 18
12 24
13 15
13 16
13 22
13 24
13 39
13 40
13 42
14 19
14 22
14 24
14 32
14 33
14 38
14 41
15 19
15 20
15 23
15 25
15 27
15 32
15 33
15 34
15 35
15 37
15 38
16 19
16 20
16 23
16 25
16 26
16 30
16 34
16 39
16 40
16 42
17 23
17 29
17 34
17 38
17 41
17 42
18 39
18 42
19 20
19 23
19 31
19 37
19 38
20 23
20 26
20 28
20 32
20 37
20 42
21 22
21 30
21 33
21 34
21 35
21 39
22 29
22 33
22 36
22 37
23 24
23 27
23 34
23 37
23 38
23 39
24 35
24 40
24 41
25 29
25 31
25 32
26 33
26 34
26 37
27 28
27 36
28 32
28 34
28 35
28 36
28 38
28 41
29 30
29 34
29 36
29 42
30 35
30 36
30 37
30 40
30 42
31 35
31 42
32 40
32 41
33 34
33 36
34 38
34 40
34 41
35 38
35 42
36 38
38 40
38 41
40 41
40 42
7934 1049 8536
659 4086
7459 5772 236 2403
188 8544
7603 9683 4548 8079
5947 2209 5569
8438 430
257 1168 7017 9153
9380 9551
9795 3286
2377 5612
6343 2912 4978 1338
1681 1464
9919 3350
3242 4722
8249 4628 769 3791
2845 6534
9040 1083 8021
1762 2283 2418
8681 6982 3756
6409 5748
5485 7888
3283 8823
9422 4967
4453 6637 8188
3911 1837 7216 4900
8937 3411 9925
6225 5032
4375 5571 4149 4565
4405 4822 1049 8377
989 6652 4870 5020
7145 9474 3153
4874 2835 9327
2251 1312
8881 1149
151 9770 5923
5502 2380 4790
501 1095 9061
6381 6783
1068 8922
4720 4594 7026
8692 3528 3144
3870 6725
9257 8649
8351 108 2745
1382 4957 8772
4043 8418
8025 3593 8400
4785 7826 896
8658 8227
4478 8987
1277 5620 9615
1036 7941 1928
2174 8568 7998 8534
3008 9979
9498 1887 1524 8238
9579 3400 9497
5398 6312
2575 6197
2999 9228 7697 8960
7966 6779
386 7611 5384
1257 6090 3066
1667 3288 2473 1283
7911 6290 3025 1055
1157 966
6770 2949 1172 7168
204 5582 4604 7295
7774 8348 6745
6396 5569 9815
4318 6566 6349 9220
4306 4541 2000
7078 3700
8594 9016 6936 6924
98 4253 1498 6477
7777 168 5588
7891 8434
2619 3966 3675
5310 5706 454 6815
8484 1918 2552 3004
2462 6771 8576
3890 6327 1949
7825 4485 8159 8863
1046 9837 6564
4498 6993 809
1432 4160
5234 2856
6389 8191
3832 8765 8672 6772
2278 5188 7185
30 1807 607 5827
3834 2204
866 9513 7838 7819
9394 3231 5873 9254
6267 7069
1570 2207
2696 4369 7425 4702
330 8026 2171
3376 9299
9529 9837
9980 7037 6741 1409
9177 9384
951 9322
8122 6705 8504
1780 1095 6230 3243
40 3515
7645 5873 6839 3367
5450 548 3872 7366
1381 8122
835 3635 593 3182
7495 4171 5900 2878
6033 8335 897
5788 3495
4297 3117 8038
2355 8331 7468 5822
102 6070
9635 8147
7162 723 2608
7254 7937 6734
140 1344 1739 7134
339 4023 9228 4226
9102 6938
8224 8292
6865 7992
6366 8888
9543 641 6729
7639 6591 5058 3513
3677 8254
873 1036 4541 4800
5191 9141 6144 1967
1476 1211
7914 5023 8261 1626
1917 1960 2854 8077
5504 7926
3990 2065
1723 5121 910 403
8006 7554 4634 5517
5438 8404 1034
6832 8913
1547 2000 6579 4625
276 7972
9622 1574 4018 9031
6775 7611
2694 2086 6872 2154
5776 2762 4441 2738
3252 7459 1705
8002 4388 6176 8301
855 7278
9753 1156
587 9881
2292 3212
4760 7093
4567 2387 5097 8400
6440 7823 9206
7742 8407 4739 5631
323 4082
3311 4562 131 654
5329 8761 8716
4072 4593
4655 9986 7533
9798 4181
1691 9970 4405
342 6972 4548 9829
164 1478 4006
2781 5878
7760 4250
8493 8816 6919 5600
5026 5872 7538
4455 6193 5409 4287
1859 2678 2297 4343
872 2944 9809
2978 6273
9834 3086 8636
6469 3737 4825 1892
2539 3407
5090 9440
8803 2101
6881 8603 4752 1071
2312 5101
5668 6473
6606 9135
9848 147
2315 2023
8167 9175
5020 8694 9765
1188 954
7802 9821 3313 7305
5682 9961 5176
1128 7354 1143 1929
9412 2430 8667 5655
7167 5559 3700 1060
397 796
268 77
2103 6542
384 3078 8173 2297
3687 1156
8621 6325
1065 5042 2109 7665
9236 2760
7019 7014 4684 31
4157 6549 1386
8234 6625 1589 4415
4886 5687 7298 5509
2528 3968 2306
5520 5252 5925 3226
9186 435 8055
9471 9012
4553 3432 8059 3656
535 4550 4700 3911
867 727 8464
5903 646 8868
6247 9121 7976
6234 1530
2595 4121 7723 7948
2346 6731 1664 2623
602 4534 6478
5357 7491 6724 176
7775 553
992 5878 1125 9908
6908 2929 1793 7479
8821 421 8946 4483
6842 4978
9661 7676 9172 5867
4075 3793 6858 7377
5809 9106
1690 3602 5124
4592 4600
3913 2567 7045
2107 9964 2287
3191 8411 1457 7501
2165 3839 2955 4115
1845 4776 5074
2794 7832 709 3604
924 35 5119
5459 1031
8534 8319 7016 3602
3859 4340 8463
669 4874
5898 2576 2209
8158 3622 7584 1175
6036 7599 7194 6457
5906 4640 4732 1092
6460 9457
7812 493 4457
1874 6810
3771 7088 568 6720
459 2328 8062 2400
3997 487
5572 7708 3359 1621
9717 883 2536 8241
5528 7650
6066 9831 5355
6272 5311 869
7879 7045 3884 3586
1044 6804 8823
3397 8004 2733
3007 4664 9182 270
370 7379 6231
8279 3451 3441
5060 7436 1435
9976 3894
4364 8495 8736
9539 4419 53 4859
1250 2297 9088 3047
4344 2186 9336
3959 4390 5481 4831
8457 2657
8181 5870 5548
9055 1119
8089 9269
1647 4958
2607 1352 5710 7198
6438 9915 3650
1364 1607 4965
2738 2257
408 9978 7447
6927 8772 8754 5301
9191 2628 8602 70
3473 7814 2973 8990
3924 9965 2141 8548
2536 3125 3711
7685 5380 6585
6154 3743 7769
3940 9082 2938 4910
7770 7041 9790 7786
1037 7706
3373 3004
1510 381 6359
7026 3276
5648 1759
4477 3277 679 9719
1025 789 9338
2915 6179 5961 2020
3110 5078
3322 3120 816
8962 5251
6490 3587 9639
1078 5712 4355 5132
1977 1106 4396 8029
6157 4589 3944
9011 2660 1964 2483
2513 4166 9398 9713
3593 2789
7301 14
3021 734
1309 5538
4247 7446 903 4340
4521 4974 6917
1630 6536 7051
7017 2999
9958 4145 9420
2977 5569
3716 5301 8425 2517
648 342
9368 6035
1323 1501 3229
31 6021 3003 4263
2147 686 9046
7352 1362 570
1193 1599
3152 1077 5392 591
6222 6749 541
9105 4915 857 1082
1608 2169 3720
4303 6039
8859 8735 4648 758
5025 6646 1988
3127 6230
3385 8612 8371 394
7236 1203
8724 5622 9079 5877
4997 5139 7718 8747
2228 7099 7093
774 8918 4630
2703 7755 4195 5317
7561 6691 7996
7979 5796
2890 3847
5132 678 6470
7095 1364 7653
6604 2788 476 6105
2553 2509 270 6238
4631 8305
2060 4957 6941 5333
5307 8953
2511 2780 7008
7415 9282
2768 3190 3587 9825
5353 6544 2760 5238
2194 2971
5844 8211
7651 6144
9550 2284
3065 9931 4763 6094
3999 5785 145
7309 6298 4741 8781
2485 4673 2960
8606 8975
7771 4009 3711 9941
3326 198 1010 9417
3722 7771 2813
6215 2022 6603
5164 7245
4003 8643
8873 9964 9284
9856 5468 2585 897
2099 295 8087 4808
1659 198 6563 2471
105 4137
9989 5731 3268 9219
9683 6018
4183 1721 4904
9712 6135 9478 6158
1984 8437 5442 5717
3760 3038 4705
1481 4102 6572 933
1073 3274 88
3431 4906
9400 2409 4627 7469
4657 8630
4396 4612 923
7291 5594 2023 6661
3819 1698 2663
3592 5996 557
7358 7895 596 9875
6890 4548
1611 4759 2814 5349
5908 2151 8372 685
2418 3295
2660 2370 6481
6814 3232 9971 1401
2622 637 7973 712
9491 9116
2855 617 9015
2239 3148 1484
1855 6536 8534 8792
1878 9324 1361
5492 6241 1873 9041
877 5537 7746
6465 8620 9111
8411 909 5297
7314 8060 9086 2349
8216 2370
4666 3080
4013 2288 9175 3634
921 6655 3728
5140 6209 7329 4898
4147 7305
9293 6696 5419 7609
8756 6124 3825 8145
1938 7835
3469 232 9712
4273 36 4265 7444
2609 3331 256
4998 2666
3867 5938 518 7679
2360 254
1225 2616
7025 8760 3511 5237
8744 4201 6634
2650 6094
2591 680 6935 1385
1634 8477 9651 1688
809 4841 3977
3632 3326 2135 6312
4601 1510 3880
9912 1980 1880
8989 215 6906 4243
1991 2131
7480 4922 8072 3990
4526 9124 1575 6308
2202 9182 815
1980 2666 5286
9777 9019
8562 5348 4859 1175
3320 9923 4678 8254
1344 8952 5609 5024
9812 1764
3143 5847 1134
8240 4164 5709
6837 9698 451 7643
7180 1360
5527 5171
3826 7367
4445 9487
5258 9485 4739 1165
7947 7353 1905
5653 6773 3688
2659 8727 7085 8628
2816 3346 8559 3260
1524 604 4888 2344
5139 2578 2504 7189
8169 5066 59
8417 262 8432
7011 8286
7895 5404 5062 9752
5076 5960
8217 7173
58 6759 670 680
1843 4560
3950 8805 8664 1470
9573 2107
5616 4344 1092 7403
3985 8217 4141 1587
6273 4724 6038
7702 4502 8816
5606 2251 7831
577 9347
9609 2458
9429 8958 9944 7898
119 4523 1679
4573 3171
7708 4354 7398 6146
1311 9459 6838
1359 2693 44 6183
9696 7840 5396
3544 6859 2767 884
5937 3833 301 1681
8845 2331 863 7872
9949 6599 6982 3577
5674 334 1028 5324
5886 8033
8668 6800 7004
2868 5809 7346
6804 5889
6779 4859 9839
3078 1926 6575 1397
1416 5557 8591
8886 1151 6352
2949 7065 6766
1591 6340
3180 4732 71
2445 1907 7995
5052 902 7616
1278 3094
7476 2918 5786 5305
1103 6993 57
6124 3193 3044
2592 2463 2627 1142
9421 5707 1107
1657 3176 2045
9497 8076 6474 465
742 1177
2499 7884 2213
9589 5369 6559 2574
1810 9202
7892 3560
1440 9958
3948 2113
9718 618 814 9138
2001 607
1615 3786 4431
4955 6302 9753
1862 6530 5370
3562 4925 5185
6344 3718 7672 2378
5987 5981 3789
3052 6205 6912 8299
7283 4385 3374 5778
1850 2511 7218 3750
1712 1765
7556 4517 9637 2033
9918 317
2875 7371 4644 4408
8898 2377
7065 8484 1219
1928 6057 8269 7133
7764 5122
4910 4256 9131 9736
948 4502
3739 1476
4641 4630 3908
4635 9768 351
9299 1395
4170 9650 948 2150
704 7227 5761
3327 4757
2036 5285 41
7029 4964 142 5382
6855 8382 7006
5714 5373
2109 4821
6808 6038 4670 1320
3761 6929 464 4100
9237 6982 8852 2231
6514 5652 1910 7633
972 1978 5450
5309 1821 32 9229
4042 118 6506
9309 6349
3949 5744
7396 3457 2810
405 5060 8256 3877
5095 265 8139
2680 5650 7184
1161 6533 8581
6650 6134 5237
3539 4867 1117 6443
526 4779 3712 5565
3051 1884 3866
8206 2076 1327 728
3484 5626
5753 1289 6267
8907 1092 4801
6431 9465 7768 5694
7446 1008 5650
6988 7996 5482
7138 8004 6099
6228 7384 8146
6733 5125 2377
9639 5576
3259 5847 7521
7287 2569 1612
6891 4214 8340
6297 2018
6961 5890 2164
8885 2019
4606 7912
6560 644
8878 9374 1216
4578 9058 6139 5281
2944 2409
9663 423 1563
3566 969 2626 2853
2051 4935
1722 8837 6941
3010 654
3516 2016 2023
5555 9001 208
7499 457 2260 3808
8517 6158 4090 9155
8226 8306 167 8835
524 5302 9086 2379
9155 2094 5203
2801 3318 7286 7335
9876 5405
91 5051
4340 3158 7434 5000
3963 4517 6624
2524 3799 4553 8700
7224 8052 6976
2227 1844 6240
6788 9592 7569
8301 5497
1189 6225
5458 8896
9990 4397
6279 6139 5903
6298 5148 7662
4604 5775 5746
1488 9328 8425 1430
7303 4964 307 9184
8078 3841
2096 9760 513
1699 4767 4100 4213
5476 1833 5635
9542 4892 3315 1167
4572 4718
5786 4581
2236 9138 4185
5199 3865 3120
6745 8934
8204 7945 2176
5266 8587 4295 2359
4507 6100
1963 1987
1499 869
3278 5231
7519 2916 8386 3618
1566 6575 3078
1062 6677
3737 6434 8123
5818 4598
8871 1732 1230
8817 584
3958 2877
5620 9869
3558 2757
8130 8474 7575
4668 2609
2610 852 4688 9123
5313 6252 3370
799 185 8807 895
5437 4787
4286 7150
2813 6226 9857 6347
7293 2382
9950 2658 8942
578 5912
722 5276 5344
2304 3
5292 5626 878
5119 4957 3231
3370 5071
6300 6480
4125 2773 3438
8430 5809
253 3076
3124 6442 3506
6361 7474
5702 5902
3395 9422 9284 1047
2313 2555
7348 6161 7566 993
5130 3352 8767 2712
8830 9474 408 3489
9089 7434 7678 2528
1475 335
1742 1095 3788
7053 9172 8113
5713 8574 4297 9649
4280 8358
5322 3160
3300 4638 4683
8618 6652 6441 2930
4662 696 9206
6665 4011
1595 3573 8044 1121
779 6447
6 881 4629 890
889 7114
3689 6289
8371 5456
6623 8177 5183 5620
1198 763
8113 1069 4066
1302 6290 7726
7173 806 929
2795 2917 6746
4070 8076 9659
5330 8260
9846 6578 93
9020 7180 9267
6780 3431 7464 3498
3203 9824
9943 5139 4459 7396
2354 8546 324 9427
8969 4284
7666 1617 4204
1168 7035 9930 6589
4031 9277
5386 9421 5305
2235 9245
7572 9174 3178 5589
2427 7023 875
8501 8644
4600 5733 3194
8642 2816 5782
3639 4614 8934 2493
77 2531
6296 6463
4616 684
1459 347 1672
4883 9314 3577 9034
8305 848 2422 3592
3996 1053 3558 946
1184 9908
8243 2521
8868 4446 7031
9153 9547
5812 988 6029 3905
8146 5573 8678
6214 8407 296
6099 1872 8636
5464 2804
4374 895 5265
609 3680 9212 5754
1656 5885 5954 3519
4791 5780
4203 2811 3873 1006
9930 1159
4447 8478 2211 354
9346 2193
5516 349
7038 1937
533 4273 6088
4440 9613 7335
219 9999 6502 6015
3173 9090 5578
6617 2828 9089 9063
9735 1632
9226 3848 8173
7367 4853 7795
8848 6918 560
1474 1786 4336 5829
4386 9009 1947
2966 9346 7747 3875
199 5423 4143 3832
8633 1862 6494 1984
4448 6570
4549 6189 8215 8380
1267 9274
9252 121 4111
1663 1397
2396 4710 6080
1308 1851 6678
1230 5583 3414
9060 8072
7311 4903
7958 8028 2277
3130 4391 6836 8837
3799 5599
9594 4558
3454 5149 5794
6322 5286 766 6667
1141 6477 3502
6360 3324 9224 5072
8887 2914
3113 7508
8596 4481 297
7636 5711
5372 8775
9440 7053
900 7245 2215
2269 2726 6879 1542
2308 9864 9549
3425 6715
6413 2043 1860 1263
1469 4345 1654 8220
8746 9170 479 3530
6077 5338
7284 8598 8072 2397
8948 6843 9261
2020 5058
8780 7411 145 4401
362 2076 7589
5327 155 7544
8945 998 5044 5937
3992 5855 93
1552 1851 14
2782 6708 5272
7915 1726
1274 5134 3826
5252 2126 8251
2531 3551 9411
9544 4483 7924 4679
6061 7294 6159
6053 291
5679 5463
2309 6699
3266 9158
6004 2771 4132 5216
8529 5322
3258 6222
1792 346 6062
3317 4378 6646
3492 5613 7453
3909 4878 1105
9638 7993
6400 6842 3634
5575 2484 6947 4805
6877 1666 165 5388
5467 2315
2860 3734 3947 2697
8959 1939
9251 9678 9369 112
3193 1209
3318 8493 4195 412
6703 6445
7518 7171 7899 5394
8804 8694
1919 2396 6881
7893 4490
9408 5678 6017
5584 1366 1763 9831
436 5107 5850
1600 6375 3260 5537
5144 5285
2382 2380
5472 7452
6428 7169
130 7510 2449
5602 2523 7893 1085
3483 3577 1842 8128
3085 5292 2632 6088
893 7765 8519
3814 9941 2640
7523 4638 1742 9620
985 8822 8661
82 9045
8796 1084 6263 8261
1782 789
1139 3902 7367 5369
5822 4215 1212
2163 7299 3664 810
6982 8600 3947
2389 6402 1802
6392 1379 61
7184 1797
9336 4084 8697
4727 967 8212
4282 685 6529
5636 8671 2405
930 8402
1948 2536 8032
9104 4676 6829
4358 9220 7737
9125 3467 1307 169
963 825 338
7328 7060 1741 2744
7848 4065 5358 9240
12 1828
8617 9574 6213
6823 3805 7588 4326
2426 4645 8092 2845
1390 1408
2691 6354
8863 5830 5520
3534 3123
3481 5497 9503
3839 2962 4665
2779 754
2864 2119
5348 2248 5286 7541
7489 7254 8437 5234
38 7261
4194 5203 8529 9699
214 6379
3132 6707 6178
3815 1037 7407 2298
2924 5912
8165 2220 9483 891
7930 577
7072 5462 1993
3567 5798
848 1136 1037 1803
5772 3099
1887 1489
3334 6320 2932
600 4690 2445 1066
1059 1202 2721
6739 4508 7605
5446 8345 6432
4787 419 6467
761 192 6662
1921 9353
5133 1393
6275 7492
8988 6581 6781
1263 3335
5160 2052 6911
3080 6149 4879
4461 9563
4519 2618 3963 5212
4328 3574 8225 7151
953 3786
7536 6423 8945
3101 9527 8628
9997 4523 8734 9019
9554 2500
4116 8541 3811
4384 6868 9214 8629
6802 6585
9883 4989
3757 528
6524 4872 879
13 1802
2505 5678
3772 3727 3924 9586
7070 7130 3011 267
860 9175
3912 9760 300
9813 6480
5428 9726 174
8466 9673
7963 1448 6140
5166 3147
3292 8159 3643
4197 3364
6533 5871 2112
5534 8009
251 4954
7541 4429
1661 3101
8943 3470
9387 5394
1778 2022 8849
1306 2935 838
2255 5759 2244
5790 4028
4961 9820
1626 1867 8569 8330
4540 4281
4695 6239
6470 5896 9229 7828
3624 5693 4738 6150
2432 3799 2360
9875 2915 5882 5442
9605 459 2550 5577
8680 3293 7861 2178
3135 3951 1973 9894
6939 2697 8421
2159 4539 3535
9582 3449 1266 3895
1290 167 9134
3165 7951 5139
3673 263
5657 5101 4894
9173 4166
6314 6575
707 6654 3720
8215 2137 3770 7086
7502 3023
4715 4254 5537 9080
8733 4335
1213 7703 1174 3184
935 4110 4167
3755 7179
2892 3120 8022 7524
9233 9741
1733 1755 9359
3515 9562 7140 4496
2618 9355
1401 9629 7485 4502
8270 8041 1509
6902 5132
3524 5956
5824 5258 3034
9320 6241
26 7148 2977
6131 5330 9522 9741
5964 2624 1889
658 979 250
6176 7547 41 7978
8290 9201 2299 463
437 2042 4619
5897 815 2452 9987
6270 7157 666
7166 4511 3709 36
9210 2100
5224 1629 4094
5595 1533 7850
86 409
945 765
4127 6227
9513 320 5876
6911 4084
6698 2011 802
432 5172
6445 5401
9209 5363
4486 4035 4111
887 7662 5180
5510 3407 8307
9693 7058 9137 587
7132 3376 8398 2874
6677 9934 4557
1507 2356 3698 4318
1606 9739
7738 6496 5234 4475
9053 6653
8054 9259 6659
3340 2421 7443
7513 2907 7893
7101 7735 4174 6307
8013 8223 9391 3159
5022 3593 1294
8987 471
6104 5722 1139
6285 5795 4241 6335
1511 6571
7721 7751 9794 4477
9685 7850
2379 6100 3291
5048 2209 9546 9669
9850 7078 5825
2372 9094
3267 959
8373 7916
1806 6002
1978 6376 7833 82
674 1594 3628 4533
6302 3299 3890
2991 9009
843 9313 1143 7893
4473 8447 8546 4553
3037 8029 7175 1448
4379 1513 7485
5399 3869 9123 241
3466 4706 4511
2726 3838
4412 8736 3768 4738
7335 6105 401 7601
3335 640 5268 698
5615 1419 6019
8675 9586
570 3025
787 2555 630
636 7642
216 7949 574 9872
6261 9280
3447 10
406 5333 5913
5700 8104 1947
3440 8734 5546 9790
3535 2311
3569 7867
5033 5386 3858
1597 7223 2188
6117 6785
6047 6957 4699 3389
3965 1711 3779
6828 1654 5433 348
6449 8420
8205 7412
2954 4745
1498 7440 5089
2200 9444 7757
6238 4109
6962 2096 3616
574 4468 2888 2766
2557 1297 3130
6454 3117 6361
7599 9310 3458 9276
1212 4499 392
7601 5841
9463 4163 268
5204 3583 2178
7521 7613 4006
606 2922 1362 5166
4368 8834 8058
2641 4986
301 8389 4864
4235 8584 6022 3378
7626 3236 8515
8148 248 5598 819
9926 4587 8086 6408
2388 1947 948
3168 5690 7221
9107 1813 5713 1727
7130 3132
6676 3145 5476 3896
2621 3219 5924
7462 3250 2894
9052 4139 2013 1178
7712 316 8004 6652
5212 1849 6343 6681
1770 6395 4310
394 9054 421
2412 7398 5579
1848 4808 6351
4523 6117
4074 4555
6576 8814 650 5396
2566 2070 6859
5627 7784
4684 7657 6882 5220
1444 4211 7059
7027 6918 3079
6339 9133 4491
8631 4893
4575 8188 7197 1005
5785 5434 5830
1356 9290 6199
8585 7835 3494 5029
4411 9833 6973 2731
2402 5624
3776 135 4432 3934
9669 8367
4285 5119
421 8699
415 1247
3510 8673
9398 3082 9788
2774 1817
6168 5713 5606 182
1252 6901 6936 1842
9577 9217
6989 5734
9449 7603 7135
2294 8226 6588 7726
2851 1031 5921 3616
4096 5594 3283 504
5567 4577 9768
8026 9889
6773 805
9880 7505 4195 9138
2913 5823 9991 3149
6807 6852 9971 294
5284 5271
1040 1343 9519
3219 6376 2155
1882 8964 6018 6707
9592 2012 6524
6021 4880 4125 9362
8869 3121 5858 2831
3526 1125 9994
1906 5550
9318 2890
2116 2353
731 6561 4658 5683
7349 4075
1957 7863 8242 5546
5158 7133
3609 8635 5737
1619 9379
1678 452 5049
4533 370 5565
653 9307 1496 2657
2762 9886
6957 1437 9862
4224 820 6658 1158
7818 6571
2268 1280
8135 13
3140 8319 9646
1399 8164 1296
5771 6029 3768
1749 9678 8107 5245
3645 6100 7070 9774
925 9884 291 2934
4784 7282
4563 494
4854 3227 8517
8193 5817 9332
4897 343 4283 3781
4416 6359 4219
8248 2475
918 4038
9516 8456 7806
1415 5017
1337 2772 3015 2634
4680 8655 2736
4838 1699 1607 8682
8251 9741 1772
8541 9334
2905 6246
3351 1791 7078
5415 7840 9349 6523
7354 1837
2301 6750 4071
5069 748 4480 4246
4168 6638 1776 8666
598 6505 7039 3374
8729 9493 9903 2236
728 1769 4099
8180 5177 1053 6519
7360 3329 765
7667 7141
6983 2398 1386 8982
4429 3710 5654
8831 6786 933
1870 5720
8890 8167
5103 3971 644
7925 8168
4012 2175
2297 7475 2993
7030 5179 4413
9642 5008
9182 9955 6437 8504
5426 2825
9637 1296 2172
7574 3461
2213 4639 8047
4946 8970 7879 9068
3083 5371 9921
6894 2760 5840 5267
933 6339
5692 4413
5173 4752 1230
5227 2569 5015 892
7112 5535
2150 1249 4039 8168
2359 2557
3748 4495 6314
1518 8511
3410 8385 3053
365 7108 7780 6243
3274 7942
9305 9885 6672 3954
2311 3437 4160 4681
2840 1572 9530 1013
3840 4220
2724 4365 1435
139 1797 9213
7340 3376
7375 9568
4208 9357 7755 9964
7792 7511 1652 6382
6519 8588 3908
9070 8351 3348
5944 3870 5921 1359
8880 7570 9903 5174
2699 4094
4819 5095 2358 6645
1098 4917 314 6610
8624 3468 7818
5225 2220 3133
2597 7393 3494 773
8938 3320
6736 427
8477 2305 117
5286 6424
4585 1311
9198 2290 4647 7203
6905 5067
2661 6246 2813
8865 4165 2892 4734
6098 2651 4573 9621
2825 5056
6817 3477 3556 9002
9603 3608
2869 1648
2970 287
2071 1502 6396 647
974 8263 5685 3725
5193 478 2646
5803 6558 7160 4442
8360 2217 9521 4415
7154 30
1754 8408 4083 1403
8993 442 2525 6081
1221 663 278
9673 9425
8068 4589 5560
5377 972 3657
6759 2808
5370 5534
7511 4117 8959
6271 5793
7373 6708
6662 9624
3916 3212 7067
8770 9069
9906 7842
2586 6616 5171 9615
9273 6612 1460 787
7939 7355
5783 6962 5207
2480 5272 654
5876 6034 5205 7774
2276 4951 1927 9035
736 7378 5410
9780 1734 8844 427
1521 986
8259 1213 9548 7247
2258 7740 2040
4189 4702 3584 7932
7391 8992 1456
2882 2166 6893 2170
1483 5972 8588
2090 6809
6474 5910
7353 4411 2552
3090 7678 4730 3354
3796 4109 8030 6458
8750 8775 7497 9586
1558 6377 3090 2871
235 2181
1784 753 9984
8928 9429 8148 9833
5618 1460
6192 5793 2396
7187 2759 3011
7647 4426 7916
10 5618 250 9199
9461 3737 9668
4373 2724 2769 2897
9897 84 7675 102
7313 8565
2253 5453
3766 6578
1035 7898 8687
3347 4187
8119 9680
6727 4722 479 3899
5422 6200
2146 9422
3430 6659 3918
1008 2557
4410 5326 9590
8403 4984 1887
4245 1021 4347
5769 4537 6713
814 2706 1998
6126 7124 4539 7374
8152 9628 2803 5573
3876 2753
2837 2753 7373 3825
8609 6072 6099
236 8871 4729
8899 8001
8340 3928
3888 775 3409
1884 4628 1517 7896
1585 2205 4059
6947 3207 777 8227
8005 2270 4343 2049
7465 2168 3883 2952
54 3668
9636 8469 1747
2336 7513 3647 8976
5573 8825 6774
6350 4647
2188 9057 2556
5216 9929
4892 2357 4728
9668 6229 8444
6306 7036 3148
9987 9048 7175 5925
438 7450
5 4007 2592
2754 7575
8920 4744
4206 6645
1544 4121
1662 4637
7221 513 2658
9890 8056 1967
817 5961 3376 2357
6427 8733 6391 3294
5217 8936
1315 6566
6312 9764
2152 1359
3918 2237 9207 3355
3315 9627
3263 6011
5015 6472
1711 1805 5575
9388 4036 8404 4112
3362 9983 7002
6031 3040
1165 1755 8720 2589
4588 9430 7439
1034 9757
9098 1610
4195 3468
6015 6161
9904 6853 9339
5369 2796
6363 4122
630 4784 8475
7888 9879 3442
5226 2451 5427 771
5239 7069 6415
8652 7822
878 8076
8800 3713 538 825
1322 5099 8365
195 6779 423 4097
1464 7611 7325 2752
1369 557 4943
5177 34
5243 4704 8604 7494
1021 8868 9194 9845
8694 1691 2021 5951
4186 9897
118 4227
9873 7596 6306 8780
9101 4635 4326 9348
3226 391 1638 3179
3923 5152 7885 3566
4772 7015
1162 2548
239 6264 2284
2019 3243 1144
8298 934 2601 1222
2823 7966
880 8711 1127 6277
49 2129 2675 1650
4825 7067
3166 7629 2648 5674
7105 1771 5304 3895
5632 5319 9246
1350 3473 249 8946
5666 8991 3957
5453 218 2253 1228
5501 8943 7802
131 2415 2977
2321 6583
8110 2389 3158 1142
4667 9905
8048 3805 773 2364
108 3696 9889
8348 1551
4179 6099 6984 4061
9247 312
419 87 6495
1031 7460 3765
2790 6015 4498
3800 2130 3224 3869
5553 7728 4159 1721
9366 498
1283 6072 7828
293 7986
8455 1416 5882 2736
9379 1283
4761 1087 2414
6195 2894
9650 4189 2681 4892
6658 8047
9991 7686 4304 1206
9061 5514 4434 7343
2348 7597 3172
6108 8923 9710
8953 976 6755
193 9105
2909 4602
1973 5292 1189 5218
981 3737 2001 4340
6825 2887 3919 8642
6358 5863
3784 4562 4777
5726 6760 2771
116 1051
4130 3789 9259 4317
2434 7019 9016
5743 3478 5
8464 5952
470 7384 9316
8322 9174 4512 280
3703 213 3867 305
6689 6294
830 9091 5097 3826
8764 775 8961 7192
4618 9076
2091 8822 2379
2573 8231 5864
9574 9259 1038
3455 1697 989 837
4801 1927 7064
9942 1913 3447
5747 4027
444 9310 3586
7704 217 2914
5562 4407 6179
5638 2912 6684 6375
5116 9815
3808 4696 4578 7515
5186 6982 8026 4569
542 6881 6896 2409
242 2109 7919 3760
1145 7247 4423 9616
1124 9291 2100 718
9845 9194 7150
8198 6968 2289 4709
6975 170
4370 3439 8781 5993
2515 8757 4613
1639 149 5745
627 9893
2201 9988
9585 7808 6507 4610
7262 1476
3050 1126 3367 5551
5188 4662 3132 6524
2533 3120 7571
3491 3179 8800 5735
8009 1259 8372 1106
2670 1265
4317 9574
274 6924 8121
1466 8827
5893 4335 7046
6497 8797 4533 7355
5273 9595 457
1113 7658
9688 6609 6919
9510 4354
5050 5092 4666 5139
4644 3697 7199
5939 4581
982 4040 4499
3634 2775 2457
9984 7568
3323 1028 6305 880
3651 9659 6189 8866
5981 7588 2563
7322 29 428 887
4420 4509
5927 4841 7831
7788 691
5892 9047 873
732 4529 7864 5160
4713 1312
6554 6209 3496
4673 9342 3550
1645 5995 1733 9014
4915 4929 596
7681 86 797
6585 2745 739
910 5820 2818
2769 6134 4761
3532 5611
4258 8096 5416
7938 3531 2706
7414 9178
2498 855
2811 4844 1587 3156
3546 9169 2907 9753
613 3433 2208
8895 1126
6991 3673 7323 6657
7084 7124
9129 1802
8062 7043 5712
4607 8301 1082 1644
9944 8728
7643 8634 7504
3089 2458
973 6134 1863
6965 1559 3771 4057
9063 8597 7112 306
5205 7153 7031 6945
8056 296
750 5813 6156
6182 4265 5206
4066 3462
8520 1017 1094 4571
8179 7946
2197 6281 7739
5421 8655
7535 2323
6241 899 2922
8947 3988 2703 119
4160 1197 8712 2960
2471 2113
6458 5076 1233 5992
1269 4393 9869
5445 8782 5034 904
919 2158 7294
7921 7444
8145 6186 442
5007 3071 534
4097 6554 5768 7604
7058 6952 3991
6083 6984 426
2979 6529 9218
607 3619
2857 2344 9842
6386 2280 3750 424
6003 2999
5552 7652 299
6841 9798 1852 4507
7877 9148 2121
2040 2094
9982 9385
9797 9838 5626
6056 3716
8967 7558 6261 3437
1187 3922
917 3802
9699 9890
1170 8717
6539 5340 1119 8259
7507 6974
9695 1959 5643
1363 3928 7065
1200 1738 9143
2181 2620 711
9330 3277 1649 4534
7012 5129
3417 655 3330
158 2128 5484
4094 2489 1094
4249 2083
5379 2570
3013 4306 2097
8704 4773
7150 5566 6650
5393 7259 3072
9781 6443 9782 3355
7486 2386
5250 6156
4916 5105
4976 8471 2168
291 3664
2759 5261 6681 7851
5315 226 4513 8368
8567 5183 527 2397
2594 2705 8442 8979
8107 9381 4912 4648
7783 9891 4199 144
8919 6699 2113
5524 4849 7013 743
385 7450 7054
3752 3549 464
1011 4948 2122 7363
2827 3519 8038 5961
1522 8312
4292 640 8150
2302 9830 4040
851 557
3016 7668 1301
7983 7390
882 8719
117 7333
7383 2550
1093 6684 9349
7808 2240 1511
2216 966 2122
3290 9807 7900
5840 4404 1009 8877
4376 2291 9636 8918
2939 4926
8420 9521 7959
808 2556 9943 2633
3541 284 5865 4587
9826 4822 5769 3733
1665 6273
9671 9270
208 6668 9585
8031 3406 2973 5376
5686 1699
5932 4778
5236 2588 9076 9623
2061 2032 873
740 9556
8906 8144
9627 6254
2424 9171 785
3414 2989 2382 5820
2716 8981
6543 923 6068
5589 9600 3507
7005 4922 2963 2824
5449 179 9820 4548
5578 1551 8449
1581 1066 795
1318 5160
9713 9002 9206
4741 1248 2986
4656 8777
6064 3043
4055 1264 8010 7370
4896 6482
9801 4322 3350 7024
3612 8544 8977 6720
8260 8668 987 2488
5614 3563 489 1561
2636 9491
9377 9275
3139 9576
7747 1136 7063
3393 4625
5806 4317 6144
9455 1784 4755
6334 766
2800 8860
3513 5903
6822 4360 6397
9174 8400 3917 9726
6726 8174
3680 7342
2814 5678 5443 4269
4400 6006 1547 449
1169 2255
70 1630 6791
1727 4010 3636 8622
3477 4834
5651 9332 4078
3216 1058
9770 5124
8591 4679
2319 1751
3525 4190
2593 1479 4003 7360
9552 4104
3118 1822 1111 9026
284 1447
6305 9213
1951 1165 6208 2842
6142 3945 1101
9451 9696 4795
2776 5493
1751 7781
1419 1338
5963 2901 4619 6581
7617 908
5442 163 8939
7451 6423 7106 8398
3330 6101
5389 1668 6758
3874 4983 862 1334
4369 5961 3252 5383
1388 4164 7319 8564
9807 9178
4806 6472 9470
3938 6529
9383 9419 9564
8021 8459 6985
7127 9805 2700 8842
1668 3085 749 7933
9710 7605
6197 3474
1674 6589 3038 2590
5622 6335 7784 3460
9768 6550 4125
9705 4893
2520 714 67
8625 2564 59
692 2167 2879 4981
5126 6504 7973 5012
5996 9463 1405 9216
379 5683 1422
5883 7510 7202 8769
9844 4228 1174 9836
8894 4744 3271
4264 5758
2100 5811
2343 2835 7778 2280
4057 9740 3435
7134 2258 8184 6619
748 5836 6758 7656
5941 1994 622
4559 9389
6936 1483 5560 9879
2947 196
8210 6853
6041 8811 922
8682 1637 4175 2601
7971 4471
2849 4517 2665
1660 1880 264
6069 1100
7675 3127
5969 9638 4432 4697
345 1409 9256
7152 8066 2738 7311
8202 8739 1603
4942 2465 9475
182 620
8276 9290
4377 2443 9070 8294
4710 7436 192 9955
7527 2728
9895 8821 8626 4584
1248 5089 6793
792 8748 191 7915
309 5432 8828
7300 5804 4638
295 6485 8621
5016 677 8323 1673
5535 9063 349 8688
4201 5666 38
335 4156 8269
1642 3061 7513 9220
9583 989 837
55 8159
6885 4542
7794 1934 4299
4889 1856
7664 4629 5432
9362 2440 5401 3995
4464 804
2568 9789 7730
5549 3887 9722 6384
7743 3331
7709 8691 3678
6128 9159 8983
0 2740 5132
1226 8121 4876
7016 6198
9562 2751
472 376
7330 5866 9815 4207
6217 9889
6859 8244 3605 6472
9647 9011
9327 2877
2541 3611 3264
1404 6763
1621 1203
4796 6570 7834
1972 4435
7265 4823
8812 6333 258 776
1375 291 6071 7712
9004 1246 4359 5140
611 1270 3788 3288
8612 6828 7501
3785 572
518 1731 7616 6394
6472 6700 6653
9270 1290 3891
2067 5043 257
2166 1236
8674 9515
8728 9716 5321
1082 1000 7036 5856
3287 1866 1817
4409 5769 3991 1121
1624 2561 9020
4443 8903 6513 1543
3971 4483 7457 5076
6299 9328 9648
7978 6199 7026 406
7436 8571
27 3176
5697 6607 6965
8323 194
7325 3621 7929 3382
839 8900 6233 5355
3866 730 5352 8063
9414 7822 7953 9578
605 3996 1902 239
571 2717
2362 6557 7110
7660 2649 7521 1256
4143 7870 5028
7344 9619 9465 5647
4895 2608 9191 961
7104 105 7061
1494 7667 590 5826
3881 360 5906 5056
5416 9516
5834 9909
6335 3152 898 4242
1916 9649
4937 4219 353 3399
90 9394 5761 6671
201 1188
4513 8650 7791
9771 7450 9681
8731 5647 7454
9163 8337 4150
7952 3462 4649
8518 8463 5268 1213
4739 4569
9036 5933 5022 2751
9983 5789
7169 1803
2267 8821 9192
1560 7161 5488 2215
1361 8849 5325
5543 9799 7172 3314
9282 4836
8246 8984 9101
1873 8902 9676
4458 8269
9634 1248 7525 478
4432 5749 5922 9772
7159 9414 9369 5764
8395 257 9300 446
8552 5702
1714 7527
2753 6497 4533
7294 3241 3550 1900
1849 8287 7222 8991
5890 626 6060 2080
2866 5655
2242 8093
2237 5690 719
6246 3580
5689 5474
9769 5999 1830
9435 1825 8828 3511
8027 2172
1892 9509 6854 7889
3489 4727 6426
5432 7892 1704
9459 6973 4028 8976
8035 9754 2049 6371
4021 7829 1765 364
6985 4566
6281 2085
8664 6191 9169
429 8733 5170 3233
5314 7766 3631 817
9763 866 6335
1935 8882 7749 8170
509 1888 2815
2097 2395 8195
9306 837 3923 4981
322 4556
527 7202 9667
3228 5537
7339 9799 6921 9244
8190 8020
6740 2965
3885 8755 1616 4283
6326 2115 8886 1952
9214 4443
2653 2579
3384 1231 4247 7514
1265 117 4317 9308
3975 1149 7419
5305 8388 4074
3749 1342
4789 1534
2561 2357
427 325 9780 476
1992 4220
1239 8502 7291 5053
9728 7028 5636
2902 2969 349 7019
7843 6914
9183 7181 7656 9853
5907 8331
8091 491
47 6736
6342 9438 2482 4709
1851 5077
9969 3268 4697 8385
1409 3815
6074 7664
9686 8152 2491
175 5452 8658 2433
4465 2478
904 3905
308 871 9039
375 3611
3986 2956
1333 2298 3993 7869
8099 6646
278 1579 3600 8119
5685 1281
4652 3890
3581 9150 4283
875 398
1039 4316 6375
3 7166
2545 1206 3009
3767 6793
7045 7583 5706
4853 9709
576 4064 28
7654 7713 4087
3764 1910 2552
7001 5991 3263
6055 1800 5598 5557
2210 7346 8170 4454
823 2255 9453
5285 6034 6077
8482 2666 6582
153 8235
6800 6597 2488 6187
3693 2601
726 2398
8188 1836 946
1990 8947 4490 3329
681 3905 3144
4422 4992 2677
3781 5411 7725
2231 9219 6741
8824 3400 1767 4356
3004 3620 5763
6696 7481 4769
2945 9352 6566 2065
297 1406
2066 5104
528 7172 4504 2516
6390 6502 4110
5995 4251 4778 584
6387 9775
4492 2346
521 1162 8683 4961
2946 2902 1083 3383
6756 9441 9626
3260 2672 7833
263 4109 5630 7238
8935 9721 85
1952 859
7225 6627 3323
6609 1345 9717
9756 6904 5889 7585
6425 2656 266 654
5847 8281 9541
7094 493 725 3895
1249 8228
2289 1551 6631
3402 9115 2996 5951
8079 55 5034
8241 3877 6829
841 2241 1807
6189 3444 1011 2586
9046 1697 2737 9907
1801 4911 2587 8934
9739 2891
7814 63 4787 2670
5407 3900 2391 7964
6253 6864
4565 5325 5921 8372
5049 5393 5299
3345 2821 9363 1121
9749 7466 5297
3848 5850 5895
3898 8559 6711
4166 5935
3972 7446 7025 4012
6528 3303 2805
1496 1999
5044 7019
2177 5930 7750
2812 4268 2688 2368
8542 7380 6748 37
1242 1312 1975
5001 6858 1655
1863 8585 3365 5721
170 2906
8540 8168
6887 6999
6787 699 1536
6708 8524 4978 6326
292 7263
6661 978 5592 9684
1114 576 9833
5989 2200 4596
9723 2878
5955 6207
4331 883 5349
8522 4483
7559 5918 8052
6969 2815 2899
2490 3113
463 1811
1774 9101 2282
8491 9812 2575
4593 5641 6621 4559
6501 798 8973 122
2168 3947 5399 242
5863 3811
2989 1307 4052
789 8135 149
8024 2889
5138 131 2174 9004
7356 6365 2097
1018 7163 8758 1916
5591 5535 613 3810
3643 119 6539 6419
1317 1298
1803 6565 449
7113 4140 8062 2238
2275 2138 2144
6307 2731
6754 8480
2698 4909
2986 5612
8788 9067
9992 2000
9608 5312 4019 5000
6578 975 3541 7524
7807 1272
854 5473 9401 7894
220 8085
1391 5324
3070 5626 7253
5110 6
1352 5242
7949 6942 3065 5337
616 343
4475 7384 3289 7740
9224 4107 5427 9802
377 4962 7901
8124 7303 7661 6528
7277 1730 3376
6130 718 152
9050 7990 3322
7929 1243 5199
5384 6901
2075 1249
1836 883
6545 6136 5183 3503
1096 9669
9465 8922
6972 807 6893 3931
1461 9885 597 3637
2134 4927 285 8457
2931 9477 6911
1569 6379 9389
3245 7283 8189
6772 8945
3759 2011 7470
604 7464 8509
582 9454 9931 6460
9534 6666 7447 7295
7753 3141 1434 6899
3861 9471 3251 2495
1140 670 9638 6905
3121 5488
3882 4986 3354
3211 5990 3231
8029 4201
7566 1435 3798 9849
3896 925
4023 472 5880
3470 7394 5879
7581 6367 9667
8861 4879 5511
4566 9815
5918 2343 179
7576 2650 9050 8960
4745 5065 1228 1717
6678 9828 5556
3291 7150 8425 1562
4014 1961 5073 8408
8067 5420 2600 4319
8409 3945 2318
3312 4007
6994 8667 3599 8061
7160 8596 8220 2767
5009 5783 8389 9058
2590 3909
3606 9715 3134 5428
6981 167
6443 1869 4183
9297 8143 6275 6925
2606 6596
2025 9872 161
3555 3674
4619 5800 3877 6343
4707 2982 4681 7441
5676 2347
2316 417 1261
5658 4338
3605 6164 5328
1786 1580
6290 5748
7479 9472 7997
6475 9597 3278
8808 9938
1307 4576 3647
3607 7217
638 1928
4106 3081 4701 3066
7341 7476 1093
4029 9584 5402 2471
7553 450 3306 4118
9067 3704 6610 216
3389 1996 2717
6377 8073 3328 4470
2164 2278 35
9418 4126
3074 1804 562 8018
1190 4417 1084
863 8768
7589 9260 4442
5801 1511
976 7652
495 1379 2715 3910
2171 5817 3401
2257 1626
3082 363 1566 1283
337 2004 8094
2554 1345 6681 7476
412 6691
8555 7793 1927 8397
7407 46 9571 4194
3377 958
7125 5760
4196 8425 8949 8493
1043 8856
883 4503 3561
8335 4006 3356
6207 9571 3073
6380 1001
8333 7525
5854 6940 9555 329
9525 7548 3402
9754 8329
9621 9005 4987 1991
4253 9312
9019 2840
2206 5440
9034 8545 8081 1212
6852 10 157 2749
353 13 8569
9376 7925
8036 7635 677
9456 6398 3022
8244 7361 5456 834
6631 7106 4267 8348
3791 2479 3463
5067 9969
1790 2589
9833 1057 6524
331 7655 7876
1846 2126
6337 5077
1155 2048 3213
8349 404
5425 3193 7822 8951
7562 2274 4259 5578
9239 8698 1649 3614
2996 8229 3380
8707 6794 2769 2839
4414 7365
9062 912
252 7936
4505 1430 8185
801 4358
7642 2470
4310 1967
720 2423 7202 225
6718 5098
668 2185 1287 4011
3309 1328 5402 7858
4346 3806 7206
9308 5322 3251 7809
6513 5249 2274 8713
1695 774 5537
7855 7101 9213 31
4860 8579
311 7521 9086 4558
3120 4237
390 2315 267
1664 4554
3256 1576 3525
4804 6860
6941 8974
4928 6731 660 4296
5244 3297 9453 3455
218 4694
7990 4585
5612 4831 4128
5281 2947 3721 6017
6610 1763 7156 2601
6144 6938 9370
8551 3891 4129 7504
3937 9780 1709 2275
7488 1335 2500
8781 6298 8508 6916
2296 4262 6866 1643
3060 5749 2651
7569 8512
4277 33
5885 7980
4484 8280 3936 8167
1207 3721 5281
3024 4092
9331 2202
4053 923 9428 9928
710 6327
2049 2579
657 6014
5454 3752 4935 7027
241 2904
1879 6816
7543 3103
3106 9224 6811 132
4323 1547 688 2117
4040 5789
346 361 8622 8751
7711 176 9590 6983
8794 4703
192 1217 4547
4552 402
1448 5383 8130 2189
9651 1799 429 1380
4561 4391 6629 64
560 9623
4324 6042
67 4725 8299
6776 7394 7505
1944 1942
7898 121 3779
132 1123
8366 9208
3359 8438 4469
8677 3135 2530 472
4749 5100 5177 2575
2209 7924
3286 6629
8004 9450 4199
2260 8543 3146
9701 5320 241
4433 9266 10 9990
2006 4573 6314 4331
4141 537 6983 573
1800 7744
4840 5410
7245 1787 2649
5533 6366 19 2572
8405 1971 8227 7911
8760 4411
5255 4576
5603 5809 579 5585
9649 2471 9382 1499
381 9976 1240
7854 7035 4003 974
5331 635
7456 3441 1610 691
596 1257
1074 9691
7869 397
499 7709 757
5560 9327 1531 3177
5147 4381 2754
2567 41
1546 1464 386 2699
610 5848 9335
4176 8819
6483 3822 75
9479 330 6232
1287 787 3552 4638
2787 3848 2412
3167 6134
8513 2411
6971 6724 4086 723
8432 558 7284 9254
4621 7579 8819
9169 3450 8129 3732
5904 5770
357 2340
8539 2648 8144 8161
5556 5243 244 3135
8381 3380 3884 2996
9438 1564 6631
8547 4443
5828 6120 6819
5006 911
7129 358
7884 5368
1946 1382
6626 1118 3543
8364 4214 6954
7089 6556 9255 6028
5888 705 8699 3484
6220 8251 8063 5221
6450 8256
6284 3327 2000
9598 7703 7531
5733 9075 9778
3343 1966
3717 8747 7778 4844
5093 7896
1886 2850
9363 7618 359 1512
152 891
1794 6805
5237 3037
9729 3422
3973 6519 7658
3915 4759 9872
8161 507 2030 5450
5153 1989 656
4202 4298 9396
8643 5551 7987
6022 2189 6218
1622 4461
5100 8982
6161 2790 8588 4801
7549 6609 177 726
6020 2799
8291 2150
8543 5111 1414
2446 6070 465 2629
9794 1448 2137 6700
5784 8424
1054 8996 4185
1127 8791 930
5882 7220 9620
2682 8918 1094 6846
3823 6121 904 2805
8106 3748 7698 2430
3445 2621 3110 3592
4704 7416 4134 7317
6140 2595 2137
1067 2288 5760
7102 4715 7640
1613 6516 1890
3856 7235
5694 5596 5427 1713
3280 1580 3041 5530
3910 6249
399 5598 418
8698 8981
2365 3460
8503 284 2154 7999
9743 9250
6769 7639 9992 6381
711 3815 1531 4804
3122 128 9463
7141 8712 8287 2785
4018 8632 8303
7670 7796 1784 6900
9 8267 4298
907 9877 6790
7174 9972 2100
9109 9845
1717 142 3066
4645 7720
5915 2891
8958 1630 2401 1592
7517 9115
9332 4931 8703 3279
9190 6836
7147 8129 1446
4114 1073
6101 8793 3268 2224
5656 4362
1685 6681
4357 7334 2575 508
5350 8880 2615
6014 3622 5055
7839 5632 9241 5222
5796 2880 8116
3443 9042 8976
3899 8422 9514
6655 1621 5491 6365
9054 9658 3563 2804
2340 9683
1148 3807
7419 308 9071
5752 7489 1424 3929
8236 4604 180
491 3074 3670
6046 7447 6116
382 8582
3602 9249 392 4106
2189 4088 9607 6164
4949 6194 2901
3202 5936 3330
2821 1169 9525
5480 1007 7521
3079 1632 1971
7143 8584 7014
9517 1263
8820 1976 508
4294 8825
1697 3711
2929 1533 841
8738 8217
5272 7845
2995 7081
4268 9040
5800 27
6316 1413
6331 6556 6618 6798
7212 8041 9543
7768 7262 3774 8478
7785 1320 490
6955 7529 2367
5683 501 3155 2997
3629 5211 8576
9733 2170 233
9665 3035 8371
8044 3417
6575 81 5164
5625 7233 621 5149
2888 3647 6044 6440
8706 1146 6172 2687
9041 8976
4348 8677 9897 1414
9527 1309
4354 2215
9934 7896 9888 3687
908 2893
3416 1710
5064 684 8261
7864 7507 7158 4277
7183 725 5051
1106 6838 1745 3820
1841 7311 1399
2693 2889 2183
6277 721 5651
9008 5012 1481 717
5079 7131 7947 8377
9126 4951 5148
11 4665
9652 7939 5120
6116 9021 2388 4929
1726 1034
7179 1714 1587
4969 3218 9335 8766
6504 6868 1603 5126
7597 2511 3650 9528
5662 7156 3729
285 2363
3631 9795
5231 1501
3413 1535 814
4786 6437 850
785 5625 686 569
8058 7620 9119 2943
2975 8835 4626 5261
3835 5075 6170 2743
5246 5033
9351 3332 4726 1412
7024 6692 6913 4651
4063 9631 5952 1754
7508 4312
626 7545 698
998 9622
3243 3674 8601 8994
2639 525 9713
7389 1239 9883 6856
3224 6958 9482 4708
2746 3451
1967 9625
443 3641 7154
6900 6572 8736
3233 8058
7986 7158 6411 8237
2565 5279
4719 6168
842 8913 390
6175 5546
2076 3444 6549
1393 1699 5280 5353
5220 6088 7424 4389
7815 1568 9949 4609
8439 5225 992 5865
2895 9697 874
3355 9229 1489 5857
5499 5990
3906 4791
2556 4001 1657
5051 6906 8615 3371
5540 8591 7206 9750
1468 903 6 6503
2623 7772 9072
9939 1576
4558 9547 6383
1125 3485 748 6578
7677 5550 2543 7059
9936 6589 5431
5368 4174 623
2700 3208 5871
6091 3289 4323
9472 8253 6612
2756 7036 3938 1171
637 5200 663 1142
4191 1962 3534 8368
6164 5940 6022
2222 3432 5634 3441
1191 9973
4337 8716
2120 6193 3007 5232
7745 6014 6903 4363
8252 8312
7413 3891 9270 273
9430 3536 2447 8344
4243 3788 1667
2654 2931 1043 6469
6092 7421
3542 3965 2123 7886
7945 5256
1273 728
3302 2444
6923 4754 8677
3707 1938 8093 3739
4792 518 8919
5151 6345 9427
1648 5472
5766 8115 8183
6405 4535 5689 480
5487 415 188 8561
4019 2983 5036 7455
4126 8422 1035
29 1478
2086 3024
3974 7554 382 1449
7942 9570
1821 9229
4885 1161
9855 6190 7866 3024
1871 4106 4848
6249 1379
4131 5934 3115 4053
5945 4784 8277
4437 8396 5627 990
2217 9050 8679 6035
9235 1188 2741
3616 2256 4122
2458 9288 3893
9921 8935
4979 3915 1880
6321 8167 5510 3160
9204 3581 8135 1483
2023 7898
4397 569 721 1590
1202 9940 78 5328
709 8034 5817 9375
8626 2328
9195 4842
9715 1867
7644 3521 6660 4397
601 7991 5996 4180
9974 1917
9954 3164 7447
9815 4980 6875 7925
1146 8493 226 9109
5926 5171 5748 8829
433 208 3522 3030
1658 7505 1609
6084 6831
4343 8591 3547 3806
3099 6708
7715 3115 5080
8851 5699
5667 1083
4880 9532 8746
5240 8375 7051
9902 3041 9450
9947 1273 5078 6462
4921 4087 6695
7196 9723 4034 8981
4436 774 9837 6900
2381 5771 1545
4329 1476 5106
7866 4092 1089
4363 6176
7625 642 3475
41 5916 8983 6338
6789 1083 8942 274
8806 6592 4037 6787
4121 6195
4162 879 6674
5737 6823 7784
7819 1652
4252 7588 5967
9152 6243
3779 9597
7950 8822 298
3277 3235 48 3980
914 7872
1860 4003 9018 8883
2982 6606
1858 2192
1284 7758 935
3827 6309
2714 2912
2234 7577 4097 6315
8015 8897 6996
8762 3086 5242
8094 399
8347 2774 8095
2262 6890
3420 8667
9326 8448
8502 6611 1619
6896 4838 9689 4794
8814 5744 7294
1609 2513
7274 8985 9066 7891
4187 7506 1355
9393 9953
6712 6454
8433 8903 6736
3081 6575
4184 8450 2372 3935
9678 468 2367 6903
8287 1001 9917
2783 2790 8622 8555
4366 3747 1164 2816
4625 2326 8130 289
465 6117 2903
624 1692
3096 8125
8742 5624 1974 267
6096 3139 9576
8720 4582
4788 2471 8919
9374 467
2229 5001 590
7008 9494
1495 893 7871
2552 5442 5717
7390 5796 4270 4964
2891 6853 70
590 7156
5080 2809
2940 3245
7658 9136 9843 9203
9249 5396 6644 6075
8213 9047 4702 5202
5145 4273 4109 4747
5005 8353
8909 5844 6869
7230 6566
1196 2954
9442 2564 5047 6663
4289 2178
3321 9741 5826
4428 2669 1852 1770
999 6759
5900 434 764 6580
3025 2492 2768
3922 2520
5489 7 1958 982
8413 7821
8223 7527 7559 6376
4913 4209
2692 8580 5229
8500 8666
7955 9874 8887 4402
7570 4673 219
6671 6335
7816 9149 8093
8603 7487 1528 8129
1456 4008 6125
455 7436 4593
7746 3365 4592
1299 7698 3400 4805
2374 2717
56 9705
879 8868 3108 3534
5835 8037
6862 2253
1918 5473 5051 3366
5232 8105 102
3568 7848 243 6395
8346 3195 3421
1654 5588 8525
7251 1271 6731
9860 7131 3797
3698 2028
6436 643 1876
2500 8520
4984 1180 8336
1367 710 2158
7609 622 2414 8504
6540 6515
6418 2750 4934 8446
4747 6302 1181
2468 6442
2169 3462 8042
2922 4381
1266 3244
5146 8112
7693 2477 3124
9714 8453
7689 2941 7824 8307
1817 3975 994 8882
6605 1673 4405 1399
5688 6552 8889 6666
3636 5369
4178 1751 5881
3721 1574
1601 3604
9258 4531 2941 6476
2865 4894 458 8361
9484 4452 6549 3568
5203 1716 35
3690 1603 7043 3818
6122 9461
6280 735 8021 1955
2731 2352
141 5564 4971 5510
8730 1671 4556 9858
7326 4288
4007 2464 4597
1807 9211
8086 46 9790 1474
8382 1866
5551 5083 8895 454
7232 5493 1369 6462
8665 9785 4160 1046
3586 8259
5923 5973 4387 748
4229 4173
347 6625
8051 9361
6601 7240 9268 1258
864 2985
6308 1431
9874 4098
6653 9981
5065 496
6005 5781 6359
6111 8360
8090 2674
4228 7892 9197 3620
7034 582
4304 2512
2745 1364 1779 3699
7342 6834 2961
7695 3121 6695
1931 3444 4943 6220
7386 6438
9300 3913
4471 5734
4862 550 6970 8652
892 5889 7966
8914 6422 1834 7441
1205 113 6739
2862 9090 6631 1445
7623 3526 2031
7336 4094
3820 6828
3163 9748
9978 7252
8045 6917 917 1919
3404 6537
3390 9631
8710 1796 2304 7546
5914 3543
2706 814
6496 7217
9691 6419
2421 2406
2144 7265 8404
9979 7683
9356 176
2679 3616 7781 2783
6035 3123 1234
543 2586
1467 6158
6159 3241 315
737 5249 8091
7116 7851 4619
1527 2944 5661
1676 1690 8492 5493
4518 9097 3297
3699 6363 4212
1555 9939 1898 3357
9820 3717
8985 5347 6031
2021 3711 8057 2167
9272 4487
4359 3079 2166 3009
9814 1083 3479 3527
5740 850 3202 8385
9108 5998 8202 7085
5364 2719
4686 8283
968 1063 4660
2765 8675 753 1199
4450 7880
4154 4678 2396 8220
1002 2876 2047 8855
9617 4499 4713
7765 6122 9795 5475
6156 3278 5053 783
6180 5922
7751 6479
8637 105 4538
207 6528 2542
3352 6914 2407
5762 3319
8462 3471 9358 1107
8247 7967
6029 2386 5577
3611 3128
3613 1129
5931 4191
7824 5324 4127
3522 3000
2805 5981 4509 3818
8485 2854 2888 2523
4945 4778 3796
2952 2629 4276
2630 3250 472
4516 1427 4218
7640 7636
7261 6794 6308 1383
2645 6144
8638 7349
3519 5133 5157
9779 8966 3466 1565
3732 500
4833 1085 8009 6440
2611 1599 8103
4692 6612
962 1339 8331 7893
3762 2595 9127 9866
99 3388 2965
9316 4129
4817 7659 3425 4871
2656 4680 2960 1989
1047 1910 7592
1493 6457
5645 1351 6274 4808
17 6962 6202 7665
633 3554
9347 2695
1136 7534 313
4609 3117 6117 2243
975 4643 7879
5849 4826
7036 2277 9515
6414 4616 3466 9483
5894 8083
8425 879 1563 3325
4300 7649 890
9778 5348 4861
486 5558 4258 9026
1172 9677 6180
8700 8768
4418 4309 8237
8098 395
380 8523
4762 6533 5269
6355 5767
2241 8956 2849
7926 8480 9276
5087 7165 9306
5798 2089 7901
2119 4811 221
553 6002 425
296 8971 2774
3960 8866 1631
450 760
9081 6893 7253 9875
4900 7459 1627
4911 2732 9161
6619 4925
3253 6733
3218 861
1144 5600 8846 3838
1827 9851 5147
1998 8628
4920 7215
5967 1954 7973 4597
909 2091
8331 3883 4464 9949
3358 7020
6917 8114 2854
3255 4295 4077
1246 7214 4994
760 474
6846 2592
7605 9105 1091 6000
8703 7785 6305 880
538 7144 3844 4051
5123 14 5045
2416 29 4885
9285 9673
5032 2938 4651
6892 2555 5026
1137 8129
6184 7199 3930
3955 7178
9483 6541
7315 3755
4493 998 1007 87
8942 3804 2121
6505 2728
9965 9805
1724 9650
7977 3950 234 2015
1268 9486 2538
2011 4291
1986 6872 8252 2388
2441 6747
9853 5666 5973
8955 1712 4666
2395 1848
3299 8957 6123 5164
9431 3017 4468 6934
4623 2072 7809 5322
7051 8335 6998
3465 8508 475 4752
2854 5277
3499 7283 5142
4718 5039 9328 4222
8053 6402 7835
7047 7633 3682
9017 9995 2107
6406 1140
8600 5944 2461 6400
8983 5676
5059 7430
2477 5244 3711 4409
9348 6931 2348 9234
2366 8063 1949 8419
8292 6152 429
5295 4094 9084 5228
9179 478
2070 118 4051
5569 281
4660 7938 2096 9000
9136 3675 2965 3706
9871 3239 953 6268
9223 3031
9808 4567 2923 5742
3336 4454
739 1009 9334 1316
8047 4196
6095 7360
826 4083 5502
7171 1881 269 2055
5568 865 3542
1936 7582
4494 3994 742
8752 5515 99
5983 8993 2775 9737
920 3350
4734 6269
1203 8917 1420
8772 9460
1312 4940 7913 4782
7099 958 7964 2917
8811 1484
5328 289 7277
4006 890 9019 4527
4434 6673 7528 5648
7620 6065 8652 3745
9154 5484
8140 7037 836 7331
2142 1954
6040 161 7398 5298
1090 807 5774
3821 334
573 2491
2861 9471 3977 3860
4237 5405
4204 3266 4675
4547 427 3728
1156 4131 6501
718 5204
3663 1407 2808
510 3807 6675 3412
2413 9108 1450
984 249 8409 8300
838 7919 3214
5604 7022 1303
6741 1616 8523
5172 9347 4502
7297 6716 5390
8282 4365 7558
4061 2078
9476 8477 8784 4735
8563 2842
5418 4465 2404 4205
2926 4626
9932 8829 5980 5527
9509 4579 7292 6542
5452 2166
8064 8593 9622 3721
5626 8137 2599 5740
8782 2268
4483 9944
9405 6844
5850 1230 4213 1972
8037 6231 8145 9090
3171 220 5169 6769
6315 1417
4035 389 674
1048 8358
7862 6008
4923 9245 4843 6831
6919 1219 5544 5886
575 177
4733 6925 7298 2557
3105 1200 6571 3682
9385 1650 7703
589 6352 4075 4954
445 5424 3719 7926
9607 3519
7469 2409 4472 4692
1158 1806 1182 6320
6444 24
1583 5788 2914 4589
3054 7099 5157 3377
2453 609 592
3706 99 4237 6918
8535 4543 5029 2845
6531 9928 6256 4053
1766 6751
891 2373
2491 2829
1520 2202 4661 6905
215 1899 4643
9255 1986 6331 328
6186 7842 5446 7646
262 7422 5548
8976 7167 9626
5200 9793 1014
7046 3768
1943 1519 4435 3802
6000 7067 9436 6204
9323 922 134
2431 6170
6710 339
1605 304
272 8368 5977
1519 2382 5921 8199
3872 9990 7884 7219
8797 8527 2127
5871 3607 4928 2392
4388 6826 8298 9649
6600 2475
5254 3398 1630 8989
1275 3344
4041 4013 1372
7238 2166
5008 7692
6706 5100 8413
3162 506 3414
2665 4060 8307
2003 4112 2994
6088 7343
3941 1766
730 1969
2266 3501
2450 6962
3026 8456
5091 6495 4215 5122
3401 8879
7370 9361 5353 931
3453 3988
2037 9243 2476 3654
6509 6657
2695 3961
3797 9693 231 689
5773 1210
9238 3694
5162 2913 3753
6488 2506
9269 2347
5594 8264 6479
6219 5308 6543
8735 7797 3167
4670 1967 4807
7503 5168 5307 9851
6174 9061
9120 6031
7923 4785 6420
3934 3346
4120 7474
5973 3541 5389
6882 3252
6630 7473
6922 1957
6714 2360 4654
269 510 4958 1268
2961 8150 7323 7354
3603 7242 5088
3493 4175
6447 7942
7733 7201 9755
9361 8822
7992 113 5054 1694
9275 7915 7250 658
4361 8312
4934 9159 7345 6171
4308 2693 2868
4551 4395 9697
4210 2945
818 2545 3535 3495
5873 8304 1457
1586 1878
5731 962
6150 4481
3589 3659 2629 9396
6913 8194 287
9708 1528 3916
9392 2243 8239
8685 6059
270 4560
2737 3850 9333
916 1554
9584 6535 3367 6521
9404 6340
6918 9360
9453 906 1512 9168
8033 3549 264 7849
7676 4660 6964
2350 698 1128
7109 1771
4046 2580 4042 7176
5664 389 6412
9522 8207 3637 6529
5376 2764 5484 1681
9119 3491 6381
3148 1601 2971
6243 4094 9152 7004
5342 9264 8723 9123
5635 4611 1379
6637 5711 342 2343
3471 1477
5278 3052
1053 7123 5877
8926 4946 3953 7786
6260 1707 4226
2675 9096 8727 6293
1353 5750
1288 3424 7243
7401 5262 2541
8514 9002 3371
341 1258 7348
1368 8139
4500 569 5829 8415
1407 3339 5151 6552
4771 160 1691 5087
7403 7365 3280
2433 5145
3396 7460 8602 3966
7573 8677
3131 7210 7503 7643
4107 2041 141 1713
6639 481 9528 9763
8325 7706 4370
7380 5056
1672 3297 989 666
4939 4647
2187 2117 1547 8778
5174 5383 5475 536
4750 8107
5215 156
6347 1254 5905
7181 7360 1838 7405
1515 5438 4336
3237 8021
2000 220 7144 9953
3710 12
4590 6165
5563 4075 1344
8365 671 5390
1028 7644 1460
5611 579
1534 806 9521 3674
4220 1976 3774
865 9032
7817 3226
367 6879
2830 626 2051 6375
5716 2874 8074 8139
7629 9266 2902
3371 7894 7178
5905 5515
1857 7952 3924 2491
376 3912 686
2617 4052 2508 2644
3891 4360 4400 7575
8137 6905 9772
359 9333
1587 1211
5201 5112
1822 8374 1395
6464 2203
9369 1993 9467
6232 9213 1414
2527 8824
6242 3642 6527
5012 3823
1492 3773
9595 6708 7776
4826 8427
4119 7855 9761
8532 3716
2802 1380 7980 6481
4803 9887 7881 6822
3028 3241 3136 6327
591 8817 5100 2553
8150 644
3517 6759 8309
5855 3838 9912
8329 5271 2964
5326 5551 6649
7989 3015 2662
5538 1249
6685 4806 1502
3128 2894 8995 6253
3627 4880 3718 6656
2335 5 4481
8930 1779
2386 7278
383 142 1373 7927
3187 4161 2920
2180 3267
32 3111 2779
9432 9450 8627
955 9158 8209
8763 9661
2817 6622 4603 7719
423 2536 1092
3109 7124 8307
6641 8404
2008 826 8977 6354
3512 5626 2599 6437
8126 373
5877 2359
1429 4637 31
6094 2382 1919 4519
4001 6206 4486
6669 2537 4830
3049 8566
21 6532 8909
8950 3600 4356 4673
898 1007 9915
477 4143
763 7407 9521
4349 7904 3947
5634 5546
9898 2084 5101 6162
2507 5268 8991
651 7146 6643
5336 4818
5579 3177 6784
775 6728 171
372 1406
3250 8208 9213 4377
861 3917 9330 3428
9334 292 993
3864 6328 711 4752
87 5395 8841
503 3639
713 1942 8629
3153 792 8613
186 1398
8294 1225
5431 7672 6962
3201 4661 1940 9747
1185 7285 4530 2483
9737 8961 1224 5779
4599 8272 1906
2608 4237 3543
6693 5221 1766
9147 9421 5868 733
6201 2510
3329 1086
1116 4530 9290 120
4605 8214
110 4486
3151 4233
2390 3593
5259 3481
1758 7622 2253
3746 3794 2370 3451
8838 8852
9563 6666 8442 5688
5750 9315 3136
9124 1611 3319 8882
8905 7893
9655 3727 8198
1905 4744 8920 6584
7416 472 8070
2175 5506
4159 613 349
9117 7160 3847 6410
4672 1639
326 5689
5623 8487
8964 1371 6585 8693
5705 7333 2539
1335 2413 164 2684
7250 9811 4731 9162
1016 9660
7752 9270 9887 3927
4087 8240 1643
3381 8128
9657 3184 4511
3954 753 9174 8722
4496 31 1590 8910
3346 6188 8342
7493 936 3034
8968 7276 3473
9277 8410 1550 9359
5161 1374 3712
6026 7967 8780 7036
3247 2972
9959 5889 5000 8226
9885 8247 1461 418
8736 5526 7603 6319
4805 8205 641
5410 8809
9892 5692 5474 3730
4005 1685
4296 4260 2939
8097 6672 9582
5264 8449 2578 4046
7637 8592 1863 7345
3845 4086 7820 8360
7332 7824 5193 3910
2105 5888 6166 5916
9750 7835
1671 2042 7106 6045
3487 7249
6530 7315 5874
4393 3896
1861 5466
8798 4035 1389 7383
1491 6174 9283
7249 3182 401 9362
2523 6756 2638 2382
2298 5193 8540 4907
4487 9870
3185 7513 7501 1456
3528 5351
3476 6627 8792 1521
1839 7736 5431 5632
2871 9380 4327
1235 8086 7770
8705 2661 6093 9985
5375 2959
1777 4940 638
9535 1725 5564
391 3678
1079 5642 9436 5011
3726 7415 774 5537
5654 9774 2696 1448
1349 8217 4742 8738
1899 5865 38
1427 7354 7613 4718
3387 8855
7329 6872
5479 774
5287 4288
9250 2207
22 81 6522 121
928 5839 1731 4032
9793 4034 5833
2482 259
1650 4795 451
1345 2761 6194 5544
3811 3716
4925 1012 1606
7333 437
9201 1575 5836 9785
1286 1377 8160
1433 7315
3190 3584
2530 4377 5128
258 4933 1763
7253 9677
5539 8843 5924
2785 7320 6380
8785 192
9811 6146 6821 7572
6774 1329 4378
3877 4866
9298 6248 2126 9462
5235 8059 1180 2232
8717 3171 3745 3221
6674 7820 8075
9586 4 2330 3327
9940 3097 5279
454 8682 2860 4638
1186 3804 3527
5443 7798 2990 9143
8984 998 1256 4924
5257 9084 717
9889 6253 7135 7268
2225 7170 9429 5630
7602 5860 6936 4125
2 4567 9670
1022 6430 5027
9045 9882 5456 5230
6721 4039 8481 6447
1903 6863 8814 2158
4479 8483 5188
6233 839 112 2735
4842 6364 7254
2786 5505
3590 246 4684 5028
8923 6546
3374 7606
1376 311 5156
2602 2192 3348
5027 3757
9018 1466
3066 8001
6235 2301 2995 8995
9900 6207
4017 4591 5833 6135
2517 2724 4415
1379 8654 542 4621
4651 9890 3655 7866
1795 1330 5534
4242 7642 5329 1774
6346 6313 439
9313 6158 5193
6647 3799 8433 7176
5030 8043 1713 527
5793 9543
6580 9944
8055 8648
7031 840 2492
2914 6371
5380 406 3005
1095 2549
9207 9781 5158
5352 8866
6581 2398 1284
8108 4453 3928 3224
3269 5429
9692 5678 3249
9144 9841
7880 2624
266 9160 8577 7141
5102 2221 4113 994
7384 606 448
2151 4281 2506 4193
5768 6762 423 2007
7530 7698
8616 2048 1523 8725
4780 9224
8549 3130 6025
2938 7398 6059 1785
1178 5156
2461 8105 4970 4312
2658 6924 2486
1331 159 4950 1485
5291 237 9559
1666 8250 1943
2687 2012 1977
5324 7739 9472
9240 1631 4814
6549 93 7899
9292 9546 1039 5119
3614 4648 2897
4315 9069 4473
3538 85 153 6867
7694 4925 646
8424 8714 5878 8931
7085 3197 812
9264 1996 2904
5756 1514 2706
4463 7377
749 3440 1788
8649 342
8648 991
5267 5877
6874 3582 7001
6102 6538
520 3206 3644
5990 2637 412
6850 9094 8209 548
1975 4577
8922 6927 7344 1829
4093 9566
733 8000
837 134
2588 8242 4751 1367
4142 3474 9515
9353 843
5265 3628 417
9482 3877 6244 6492
3072 1786
6310 4679 1006
663 4874 6830
3039 28 178 3325
1747 2339 5190
4579 3076 6908
6624 5728 7686 6974
5484 3141 3562
7304 6481 2070 6551
6221 7816 8227 4301
1584 4249 1891
4037 8037 4216 9103
1769 2425 8347
2324 6815 8896 7442
7809 3539 9416
4856 3875 6781 889
7529 9326 4363
4423 1574 4242 9903
6873 4265 3842 7507
1289 1477 449 6397
3683 5834
6042 3785 8847 9458
5506 4209
4372 3665
9909 9667 9634
7077 4322 6762 8306
5792 6430 461 1032
5911 4183 8258
424 4503 2962 4875
2770 4007 9380 1017
4875 6222 7778 9285
5678 8580 324 1025
2960 251 9987 266
9804 1732 7480 594
7048 4573 4875
5075 1570 5010
3427 5622
4849 1947 4679
2195 8850
5597 5666
9515 2979 3984 8245
7228 9356
9816 9315
213 8437 3082 2892
539 1473
1562 1664 6997 9194
840 3206 1427
2422 8517 3806
7235 8197 3126
8218 2433 6324 5206
2031 946 4715 5711
6656 2663
4964 5382
1480 535 4961 9527
3048 9220
9460 249 9252 4906
205 4101
3435 759 3893
546 7690 6970 8078
3403 8988
8853 8212 1322
7908 3824
9532 7492 17
7394 7220
1824 4914 1619 783
1565 784
8678 3264
9474 4647 5766 9877
714 8398
868 6877 2797 5517
2153 7405 1989 6587
1303 3851 990
2702 8247 4919
4115 8205 1530
9561 6452 1358 7289
9799 2351
6382 5023 42 704
7580 6827 164 6339
4638 6521 4169 5679
8917 6071 7767 3013
8593 1136
2428 4714 1695
2771 4500 7737 6277
1689 2242 4727 1250
8183 4316
7705 1056 5036
2990 9822 8430
2368 6811 9594
2843 4111 370 859
9817 5941 6734
1567 5030
5165 1664 2245
1897 955 9915
8212 4906 2892 746
6325 603
1636 5747
5192 4868 1810 2909
1347 1631 9676 2958
2014 3015 9405
5490 1552 1609
1781 3367 549
617 509
4968 3282 8784 2547
3878 6173 9834
6007 8141 44 940
327 2208 2363
6707 2412 3443
89 5639
6546 2549
8951 299
8768 2515 9191
8583 6031
6806 6795 61
3308 321
5000 2084 3084
143 7541 7281
672 8219
9185 5660 8472
5387 4681 4697
5503 953 3768
7832 9791 6195
9727 1312 6576
9260 8948
2186 6346
8743 6076
8170 3555 2164 9861
4640 1053
2323 6497 7680 5983
4890 2474 818 8227
7793 8964 3660
3462 6349 4019
1365 5328 9795
4581 247 372
531 7825 8449 1564
2558 1822
8293 7067
3449 7437 8307
3600 4356 4115
4584 5390 7753
3194 7898
9031 9163
1107 9495 6565
5953 5924 4380
9047 9498 6864
7049 5545
9215 8715
7761 806 4454
9433 9573 2867 737
5760 7497 3040 1921
1814 3286
9994 7877 3527 1083
4596 4123 1382
6812 8051
6976 3299 3285 7927
3875 3020
7214 6508
3825 8620
9736 665
1842 3097 5157
7275 5926 9932 4773
5365 1408 2292 2401
5764 499 9578
5977 272 8578 2514
7969 1865 2300 388
1655 4857
2157 3604 3718
1670 9185 8691 6381
8232 6452 571 6009
4064 9849 9930
2384 1165 756 1257
9711 7026 1209 5054
9164 1538 2873
7796 4875 3526 2343
8695 3858
9985 5667 3255
6853 1956
3034 3006 6084
8358 9875 6606
8084 3018 6785 5197
4424 5237
2729 7586
8813 3646 5772
5601 6523 5054
244 7494 3323 1320
6906 3706
7837 4626 5680 7116
9010 4866
3508 6507 3649
6323 170
9915 57 4599
7264 3169
198 7465 6021
1214 4660 8061 7938
9263 6038
7633 8580 194 4951
5590 209 8543 7831
716 5504 7481
247 9798 3591
1760 3801 2295
751 7601 3104
4807 920 287 8316
2584 7416 5243 785
9345 9145
5071 7055 5716 9773
209 7317
3104 687 3630 6062
6123 7998 7694
2633 6025
3200 6055 9880 422
6672 2944
5214 9061
6527 9199 1033
9884 4447 7666
7653 1123 502 5528
1571 6945
5696 1444
6831 1245 970 5821
1421 6963 6433 8224
5976 5630 7007 4994
6311 124 4325 1271
9357 1940
7182 2360 2855 5344
1820 1311
7778 2856
3386 3126
3441 3723 4648 3776
6621 4593
4512 2765 5380 3758
2345 320 935
4691 7780 4204 74
9775 8862 4369 6359
3419 2522 8553 6716
9658 2750
3905 7004 4009
4128 1031
1147 661 132 4018
3270 5042 8731 1849
671 5563
8506 8758 9520 2641
4782 6576
3676 2444 7468 2309
3794 4534
4002 1155
2569 7752
6345 2354 978
3652 7674 5251 6211
354 4668 8608 6374
7887 6480 3680
3787 4111
7318 3761
6151 9341
7083 7191
9436 217 2654
6502 7587 6773 3505
2344 762 9648 7153
4330 8934 6338
6930 6762 8033 296
2173 8047 1057 6269
1443 8552 2270 7965
1526 6464 2099 2465
3977 4486
1644 2950 8746
6200 2375 9266 3482
810 5886
7437 7052 7458 4531
7997 1333
8771 8232 1403 5041
5663 765 5920 1573
2208 1045 2030 9950
5690 5187
8416 8488
1614 9805
9751 8062 1747
7827 3297
3119 8239 7750 954
6177 4160 4214 4643
4981 4056
6781 6480
7985 4620 8953 5570
1000 5222 9246
9970 1537 2248
7226 4846
7525 3159
7806 6192 3520
307 9052
4550 2982 5749 2887
4951 7208 7946 5656
449 8634 2754
483 6607 4152 8462
3855 9251
8451 4870 3522 357
2293 2912
1787 7087 7666 8473
4639 3325 6724
7501 5682
245 2824 7480
3640 9171 190
3778 5712
2772 5165 1651
7491 4444
7836 248 5572
4773 7480 3956
583 8646 7620 3317
7593 9514 4040 1500
5558 3596
3920 1169 7058
4185 5481 6258 6500
6463 4220 4357
1898 5623
4630 6404 3405 1466
134 2082 9329 4981
9488 6019 3479 8406
3858 3246 2369
1837 3645 616 6582
3043 950 7792
1219 9640 7553 6951
7204 6616 2122 3429
8296 7854 1575 6404
858 7314
5795 7727
8275 7538 5137
2489 911 2684
7316 8393 5094
2847 4188 1492
9643 6051 7528
4729 2509
1811 1602 7733 4087
5121 778
1949 1442
3204 5998 4327 8801
5919 1639
2364 4588 3278
1247 4322
2777 1492 8706
2712 2086 4345 2536
997 6397 4502 4975
5557 2663 5319
2574 4477 2181 4283
2179 4314
746 1392 3945
5661 2999 1049 9284
4395 8980
8973 6735 9277
6407 5988
2027 8627 4547
4963 2925 1777 9892
9914 7020
4506 544
5759 5941 7641 5916
9030 636 9842 2838
2797 4069
5709 3177
7492 4523 9873
9972 498 9
8310 9049 9679
7936 4534
5730 1308
9340 2723 7186
3027 2791
9475 5466
8450 1514 9700
4705 6527 1513 804
3157 8317 7910
3919 5387 1223 197
8118 3590 8339 1473
3668 9412 4564 278
7269 2349 7653
7440 6588 537 1150
9419 2338 4650
7844 2096 8695
5283 1690 2707 8542
9872 3879
5588 1405 2877 3442
4365 7413
2009 1705 612
3382 3130
9861 5600 4824
6359 6122 7964 3520
9905 1685
3660 9367
9290 6053
6018 4996 6802 7079
1183 5079
959 4218 7187 5205
896 5060 3522 1208
7863 8901
9740 7352
4881 1879 8072
2917 3828 9147
3337 5695
4489 8247 3038 5632
773 4025 8344
8536 4856 840
1539 8720
125 1266 5656 7934
519 2555
7805 5022
5170 1262 3678
6722 2095
7773 2787 7554
7632 3747
6816 1500
2616 5911 9224 5238
8912 8569 4095
6045 6287 3670 9899
7614 1712 737 1620
2757 5107
938 8616 4175
7385 4517 1231 1221
8229 2778 314
2263 2871 1942
4828 6487 3596
6757 1143 3883
6348 6960
8187 164 5988
7186 7589
4378 5114
6319 3717
2635 969 2118
19 3751 2229
7100 615 9004 8093
2393 4297 1679
9500 1500 1312
4199 4756 9389 7783
8023 7096 8275
7889 6256 7404
5815 5518 6312
8480 7992 4534
7111 4894
647 3583
8931 7455
3304 2163 987
5471 9295
4265 8109
8402 2352
7648 7925 1160
1321 183 6820 1667
765 924 3964 8368
7042 3280 2106 5049
4633 2196 2997 3490
2894 7750 2537 3128
9836 6280 4411
3468 9540 3310 7455
210 2631 6473
4726 5674 5667 7884
8841 7784
1913 6195 4000 152
1051 9005
5777 1380 2573 577
1366 9626 8590
4391 2009 73 4533
8304 6193
3195 2412 4677 1292
2113 1655
5248 9964 4331
8587 1579
8577 2452
9023 2604 2933
8104 4751 1367 7782
4279 1003
1708 5671
3442 9165
9674 7454 9018
3682 1555 4190 5440
9319 6936 2181 5232
2012 5920
708 6341
4816 8076 1131 9705
2196 2847
2028 148 9917
9271 483 9740
126 217
8574 9744 9179
793 5408 6783 7950
7362 1884 7417
3295 2679 7395
8458 7184 2530
5652 557
7900 1862
1796 1162 5391
4010 6250
8903 2607
1075 7985 6415
240 7039 285
8893 2766 2367 3714
530 4708
9001 24
5596 5564 1713
9091 4465
475 1457 4283
1463 6072 6099 8553
1580 169
7948 3741 211 8321
6274 9415
784 5509
4404 7915
1478 1078 8272
7149 3378
7612 41 489
2338 7987
7993 8173 5711
608 8427
3172 159
2535 9786
1698 6544
5994 1279
1779 7318 1037
1279 7830 7757
1705 9299 1688 5821
3812 6099 5787
2022 315 4105 13
1683 8258 5834 5883
3743 3428 3116
9206 8810 1508 8952
8888 6885 7461
8271 9819 9193
1508 5146 965 854
3961 9671 5522 5360
3849 3748 5744
85 8349 9206 3407
2879 722
4381 9358
1576 7852 2704 8066
2723 8948 9885
4050 3125 990
6006 5147
7161 9510 7733
8775 2335 6827
4110 9647 6505
1115 5432
7487 1446 3666 1884
1883 2599 648
4347 2299 1664 2724
1881 9568
5644 9060
7485 9935 3311 2885
4528 9263 9452 4457
3380 411 3297 3338
7387 6380 6758 4387
6652 7741
9487 7792 6007 5623
8012 6214 6815 3340
9667 8333 9782
2671 2255 631 4308
8663 3923 8395 8229
3229 863
9350 3236
1150 7455 184 7807
6349 9686
1179 4615
8363 5830 983 4090
5486 5859 7138
3275 6646 6341
9523 5704 4834 6451
9782 25 2283
8683 8255
8435 8446
555 8381 9168 3297
4873 5766
1686 9103 4384 2955
2073 2108 6186
5463 1849 1046 9878
2473 8303 5427
4909 3345 2879
9259 2115
6640 9219 9150
3428 1296
3756 5539
6320 7664 5640 5583
4501 4176 8423 1070
8667 2841 5350 7140
6553 3228 6461
5404 8929 4752 5993
8927 4477
738 2754
4941 6545 3791 9685
8111 5945 9117
4918 4781 3119 4609
2420 1253 7251
6194 7549
5104 8710
3282 8468
5367 3017 3361
183 1794 2919 9136
6374 3430
4295 1300
4051 3678
4054 3646 2451 1278
6949 7487 3381 8999
5974 2510 145
6829 5725
73 1688 1154 64
3156 712 8649
4687 5483 7258 7447
6848 1772
4702 8719 795
4983 234
8476 7907
4677 2989
9977 4794 1505
1805 6856
3344 1437
4845 4924 7642 3145
7504 2149
7097 2801
3518 9608 8572
8897 9155 978 4208
1223 6905 4108 7254
9825 4587
6489 2637 3673
3754 1861 4448
6127 4573
8766 9098 9384 1549
1208 3975
4038 7190 7133 2536
312 5658
4490 5181
9130 486
286 7283
6135 7992 8180
1572 9009 2928 3094
1080 7351 2165 1191
5541 1132 7678 2430
6492 2345 4619 7223
1761 2344 2223
8238 6361 6894 5404
6670 848 3361
6634 8586 7633
766 3
2740 9057 4820
1548 8059
8718 9671
3009 1680
4193 2691 4055 6141
1500 9997 2615
9087 7960 9439 7990
1206 7100 2433
7271 2001 9712 7374
7213 5727
8164 3817 7472
3803 2304 8015 5104
2494 3371 7283 3955
1020 1423
5263 9027 3156
666 4104
8748 6766
2246 1924 7485 4516
8745 4010
6748 3569
7896 3749 5308 9729
6589 3637
4647 2080 5638
8191 9807 7697 6893
5761 2331 365
7688 1134 5595 3136
9360 4553 8952
4442 1444
7937 7667
6536 4978 75
9232 8707 5040 6473
7068 2147 5060
1932 7291 6797
5797 5734 1288 5537
4876 6764
552 6171 1190 1431
6446 3843 1954
2711 973
4978 9200 5132 386
3503 7556 2473 5883
2452 7843 2119
4326 7784 8272
650 2721 4324 870
1966 6226
7382 568
7410 1114 1492
3935 9617 3892
4832 906 9749
895 788 6890
280 4912
7946 799 627 3592
9761 7056 1346
8397 9811
1757 8239
3161 1767 9342 3839
1181 1318
3970 9677 7114
7246 6602 5553
2751 6239
3883 8026
2581 9292
9165 634
7722 1751 9868 941
7032 1348
5339 9691 7186 5696
1327 1754 1231
2068 9640 1253
4990 3981 8735 2088
806 5978 2408
6143 3193
8823 799
8855 1079 4953
2885 2276 7813 6043
2447 6123 1606 301
2901 1133
7903 7987 98 934
7201 7713
9378 7312 4500
1799 6107 4622
4392 2434 7906 6726
8162 1753 166 7429
9486 7094 4985 1891
5279 5265 1502
8655 1857 3962 7624
1215 6567 3506
7638 3747 846 7928
3017 3989 5499 6330
8990 2927 8881
5913 1882 5369
7905 5752
5896 4185 833 4787
6289 1736 4543 97
4504 9057 6206
7655 3002
6417 6716
562 7512 4920
1791 6360
4957 8248 6971
358 2403 5527 8427
4351 365 4326 6722
7631 9029
794 9170 2957
1176 3130 7055 8904
6563 2352 8144 189
2540 5689 8695
6737 3432
7861 6786 2845
496 206 7983 9073
3400 3809 4618
8096 4391
2551 3339
1869 4054 8147
5296 3724 8345 4580
4417 6297 2769 6353
6663 4902 2564 3595
2985 8394 8952 9075
9396 718 1513 838
5821 3282
2715 5441 9910
1895 4720
5435 4028 7655 8777
6134 5286
9956 1062 7934 3110
6854 358 9400
2182 6140 5456
3991 4146 9333 8395
1628 8165
8620 4085 2775 5416
8156 599
7004 7536 717 767
911 7043
2410 4928
6113 2168
1171 4860
8554 105 3699 2501
2290 2051
6365 563
7772 4066
544 799 7152
9437 8102
1228 4266 1717 4337
3068 6037 912 970
9675 4354
4632 965 7571
9074 4137 7969
338 9057 457 8055
9080 6379 3904
2562 7404 4818
778 3289
5823 6278
1908 2494
9694 7539 1939 6332
1743 789
3178 7371
3044 775 3192
8063 4894 2015
403 7505 8670 6794
3659 2393 2380 1582
4515 6755 7009
5565 9127 9020
1947 2553 4402 168
8509 3657 4351 2870
6065 1608
4439 5993
4257 6699 8682 7015
275 6756 4065
7190 9855 9886 4164
979 466 5775
4693 6078 1181 4251
7350 2575 1055 7955
2509 3777 7701
1081 5835 5987
3889 9382
7231 497 8252
2555 5933 4517
7928 6759
8283 5268
2138 7745 6922
7718 9900 7419
5346 3180
537 1375
7290 9831
5439 4822
69 5857 182
334 915 9493
6434 1519 7371 7657
3063 5463 2452 5973
2135 4374 6110 6028
7033 2201 6191 3422
5951 7693 9115 722
5061 3815 7888 8454
5956 1904 8056 3676
7009 9627
9266 189 5368
8227 6947
8913 390 5514
941 949 6344
8496 3841 2983
1486 5772
124 5330 8069
1687 5646 3212 4148
2969 3585 6563
5311 9596
4180 4299
1914 4430 1576 3968
5106 5870 9222
8398 3086 2126 6663
3398 6151 2973
4731 7395
646 1606 7649
8883 3998 4630
8879 8964 2544
4546 6495 5550 7784
3738 9258
3543 6675 5914 4408
2543 29 1207
4401 7666 2195 955
8828 8010 3513
7957 9755 8824
1915 4400
1100 709 8588 3660
4766 4331 5537
7185 5149 4496 8082
4574 5541 8912
2414 6247 2088
4263 6018
2046 8753
1135 214 2769 9159
8538 9887 1069
3033 7132 5983
532 2227 3849 3216
3531 9500 7239
2183 8
9381 1527 97
6185 6963
5529 2799 4466 399
3372 6807 5204
8494 6898 8442
9933 1741
417 8977 3665 39
398 9843
6856 4300 2376 8502
112 3904
4022 5007 4765 1242
5865 2028 8959
4356 4850 3220 7376
5382 8957 121
4402 8441 4346 7262
1216 7042 3934
2937 418 7563
111 8270
2916 7397 1476
852 1961
8175 2474 1926
9541 1501 3356 6163
1536 4041 7826
7707 5523
435 9938 4258
6910 8757 3706
4975 432 5144 4654
6864 465 7815
7847 3525 5571
2733 8463
4495 6382
8816 6761
6813 8515 1833
474 4873 3176
5002 650 1871
4843 7125
3744 5531
4665 7092
4145 4504 7339
9403 3984 6593
6362 5087 1241 4114
5586 317
1460 6627
7320 6837 3541 4332
995 6519 3560
2132 3182
498 8471
7067 653 5100 9754
9555 35 4742
4709 5092 1445
3907 5393 8342 9600
4901 2661
2918 808
4190 5282 5703
7758 3626
734 2910
9742 5067 545 3202
1197 7879 4311
3575 7547 3847
5031 1592
8815 288
8195 170 4019
4795 6580 9339 6716
9580 3773 4723 3534
4571 5998 7303 9321
3310 2762 3013 6272
4809 749 3263
8719 5251 4705 7647
1029 9544 2545
1537 3098 6434 8114
7363 7818 1098 862
3802 3443 2833
5028 1762 7075 2763
2470 9296 9093 5329
4797 3917 1726 9758
1497 4975 9270
8201 6872 340 4208
2859 4826
8523 4996 6928 9768
8386 3885 2987 4712
9805 9337 6690
7135 279
7175 6100 2016
6614 4089 4552 1219
7087 9348 2490 604
8065 6943
1325 3300 5466 7902
9151 373 5711 6461
3895 2650
6480 2949 277 6670
6556 6028 5568
4967 6904 7228
9056 3618
9265 1319
5036 4195 1310
5583 4198 1115
8725 1781 9419
7687 9070 621 4134
8657 9702
9879 1405 4445
8102 7964 5961
7357 7026 1199 1527
2808 384
1643 9510
9955 1569 6213
9443 3297 3711
5262 1913
9792 7933 8712 1577
9707 5748 3140
1924 6673 7887
7268 2380 3372 4464
1343 6353 4878 9506
7227 3917 2162
1772 9753 6398 4016
8396 6686 6816 82
1231 6953 1835
6912 2856
5363 1982 3178
439 1350 9982
3782 7566
1700 6184 4122 1797
306 4073 1083 1045
3550 7294
5361 1649 5077 7242
8856 9222 1340 4031
758 2314
1885 1977 5131 1962
4105 2527
9470 817
5958 9557 3019
978 4915
9192 49 3419
1301 277
314 8378 8024 7466
1538 4410
9343 4482 1962 8635
5288 886 1727
3727 1804 5092 6045
8839 2095 7245 5156
4696 6767 5044 9266
8952 7283 3111
6931 2358 6383
7475 1207 90
4759 6779 4164 2406
3942 7561 6330
5859 3929 2198
5978 4454 6507 7947
5047 4041 8091 1620
9409 2872 5366 1129
5207 5627
349 9512 10 1412
4230 8331
8786 4025
1529 837 4056 3532
9614 328 3164 6871
4554 7724
6250 6883
2039 3124
4744 4936 287 4670
7429 2741
1243 6466
7994 5652 8049 6120
3379 5127 8971
5245 8600
7074 3705 455
5587 3065 6447 5531
1408 3946
7865 1258 2639
9231 6545 9909 4659
2044 6900
1260 5447
4663 35
8854 6153 5726 2981
6229 8620 5498 9053
6257 5676 7428
7590 9133 9719
4011 9100 9615 98
6633 8093
1596 6951 2554
1968 6873
387 2501
4271 3417
678 1901 4338 5823
987 2084
3995 7217 1133 124
9709 9420 8792 9452
9928 3242 9209
9901 4410 8573 5078
2286 4864 4693 7911
9809 5613
8426 9603 4870
7540 7490 3663 8255
1346 4500 5410 5606
9659 9951 4814 6409
8280 9781 2560 4741
5814 7007 4273 9014
586 3435 4440
7526 9941 1366 1625
3733 6459 7287
6866 1718 1749 7570
9171 880 8403 355
5640 5028
1533 1966 3170
5474 9983 2706 7011
4083 6387
8257 6554 8848
8711 8415 7185
9142 1212
4032 6808 2992 6610
3679 8169 6938
1232 3907 9831 1191
8471 8142 6807
572 1212
804 1740 8995 7401
6548 7832 4297
7062 1557 5087
6532 6806
3212 5129 3559
1985 5079 4238
3103 7801 1651 7543
2877 6894 6292
1092 6315
420 8551 9271 778
5081 9680
1684 6396
7762 5286
7191 2915
5807 7337 4677
2081 196
487 2621 1452 3608
5507 628 2338
1732 3666 594
1298 9765 5186
1099 6987
3478 4509 5257 9642
7821 8399
8673 1485
8954 5710
2352 4497
8022 7720 9895 9154
6008 8995 4202
1826 9879
813 2977
2959 7315
8115 5890 626 810
7567 9289 5435 5363
4650 3467
430 7255 7787 1122
3798 4191 4554
3361 173
698 726 9877
4283 2620 6730
8483 8302 2517 8816
6063 6031
1802 7110 7124 6645
71 4416 2131
1775 4937
4426 1745
9445 4445 1894 6400
777 3368
5440 7633 9483 4068
7611 9397 9513
1710 4365
2439 4469 1204
7412 1936 5424
618 7306 3967 3392
3966 9079
5727 2234 920
1604 4584
4560 5339 17 1839
8961 9062 9938
4427 1409 4278 2124
217 1789
5040 5614
2261 3039 4957
3700 1519
4914 1385 8001 6075
233 2031 7527 6591
6716 3419 3139 14
3279 5149 9587 2668
8874 5864 3713 53
6762 3147
7941 8825 3688
612 9053
4531 1379 9250
2306 1453
634 1826 7037 9879
1489 1869 1683
5457 8626 5013 8465
9304 6258 6252 2524
3540 7542 3316
8779 498 9199 7815
5630 5452 3207 8630
6352 1408
2634 6257 3574
5845 1055 9163
2570 6784 5745
3718 2756
4586 9098
2429 5689 2928 9507
2129 9247 2748 1408
2425 1092 4979 4099
392 218 5813 1932
5564 2378 8284 8803
4491 3299
2615 4050
6032 109 7886 5568
9961 4019 2491 5491
6796 3702
3642 3611 8560
5219 3793 7276
5680 874 9325 5687
3198 1943 4833 1753
628 7156
4534 4606 180 8722
5430 204 7965
9745 1053 1062
9095 1198 6046
7331 9641 711
6587 9619 148
2140 3855
8670 9114
5910 6036 8627
4058 2509
6938 3099 4185
2273 6800 1203
4971 4669
9462 8713 6248 7614
3230 7628
7881 7575
4674 1606
9832 8792 4754
2320 7643 5360
9988 1251 3381 1071
6863 5075
7445 8255
6515 6225
2717 9126 4314 6634
5975 7439 7291
4049 8906
9310 3718
2114 7790 5358 5021
7195 2780
2254 3213
1709 6955 8696 5910
3313 3126
2218 8680
1329 8475 3304
6038 4891 4528 7416
8414 8423
5749 6322 1140
5381 3930
1319 7333 5705
1788 8665
8085 6884
3708 2219 8142 8084
2632 9131 2017 4953
644 6670
6439 2670 8074 3621
4225 5752
6691 640 352
5933 6360 7110 4247
8336 6766
6646 6272
7319 8194 8306 3879
1746 2954 9429
5841 9630 4427 42
6752 9940 3665
6204 2957 1374
5034 8576
2889 9168
7621 2289 5249 2140
9416 2351 8440 9595
4698 6415 602
281 2808
2002 4983
7907 6397 448
3268 2467 8642
783 1871 6156
1909 3956
6763 186 4803
5068 5376 9464 977
4830 804
2739 6938 8169
9648 3293 431 2276
3667 652 3577
815 4677
5605 9586
8400 5833 252 8480
7931 859 6252 4093
2291 3303 9321
8858 2942
3777 245 5420
4837 9529 2420 2346
3962 5784
9572 5331 3812 9895
1385 6262 3836
479 6402 4357 1263
5513 4729
4859 1899
5681 4787 2918
9213 300 5606
9123 7633
7674 6217
8929 4695 1894
7023 3584 4143 1825
8560 891
2465 7139 7750
2956 3728 5213
5359 8571
1735 2395 7941 2906
9399 1219 5959
8372 3059
1582 6982 6117 3883
7395 673
9242 3633 8228 4369
5838 3765 9782 9207
6562 7491
7999 9619 6011 7484
7378 6046 8196
2899 3404
6494 3240 9623 1602
4582 1739 9800 4208
5035 5447 2048 8758
3551 9830 8533
7522 5980 9664 9759
9929 6389
7474 6645 7850
2657 9657 5361 8322
7652 2459 2910 5891
723 924 2012
967 6861 2455 3486
5318 1478
373 233 8363
2732 4123 7220
8915 9020
1933 7316 5094
3197 2789 6407
513 8681 8392
772 8671
9354 9222 8077 4346
1445 4046
7153 2057
8095 2938 920
8975 3573 8368
4222 6174 553
3262 6727
7577 7398 4092
8308 1599 5016
4863 9973
2873 8526 2958
6951 9688 6050 8835
3968 5282
2248 3990 8485
3236 9380 7303
6888 7901 830 5127
9570 4816
4818 2600
6276 9629 1318 8709
5073 6828
5544 5890 8489
5316 6630 3574
6838 7795 1982
1131 672 8917
2734 175 7158
8354 3593
767 1532 4007 2339
8177 3518
3394 7536 8873 3790
1718 3028 3186 9589
1222 7442 6744
1457 5873
4129 6878 7569 8538
781 3102 910
3824 4193
1651 2245 6992 4286
7956 9296 4924
6821 4404 229
901 8934
6416 3950
7811 4302
1867 4668 306 4835
2625 3692 5901 2489
9370 1368 4093 8440
2017 9710 8923 2553
6620 3137 7495 5286
154 7613 7738 889
9170 4836 3347
3608 7792 3445 8445
2984 6885 2103 1005
1509 8151
4165 2724 3296
2601 8794 2192
1517 7147
2356 9364 873 9055
8429 7257 8689 2625
9261 105 9162 8336
4435 7795 4315 1943
1042 2287 7993
9870 589 5992
7813 8178 7668 173
7463 3616 361 8890
2965 85 6468
1194 9994
7591 1681 2209
8087 7021 8403 9420
6876 7298
2906 6975
9721 9439 7094 3322
8497 8954
565 9233 6893 6972
3736 3970 5969
4646 3992
888 4773
1531 742 3815 2610
9630 5394 4299 9519
3946 9739 589
1422 9833
2062 3455
2378 661
4624 7748
14 8989 4614
1330 7819
4985 99 8514
3086 5437 2580
4548 712 700 8173
3188 4791
4338 9451 9904
4634 3377 7731 6387
3846 2510 4220
8384 1564 2482
9441 781
5057 427
2704 8430 3969 194
5984 4089 9292 2087
926 4399 5626
1057 8327 1313 3782
3770 776
8288 8551 2187 1267
4829 2894
958 1365 7765 9794
95 9971 8023
9937 4561 4279
6889 156
6782 1569
6692 2850
8747 7603 8317
8221 4392 327 4699
9849 9896 6228 4064
3691 6270
8911 8359 5220 8028
3570 1693 9217
2614 2099
6845 3709 201
1513 9791 2168 2098
401 2080 3215 2293
8614 7149 1585
7379 6243
4591 684
1304 1947 200
97 7978 8236
7904 3681 7902 5197
6404 5803 3715 2593
6666 2354
5029 5912 9133 1549
819 3643
564 1097 3748 2431
2256 9811 4984 7104
567 6693 8134
79 6150 2056 3497
6373 386 9762 8549
7867 4542 8589 728
2048 8559 3853
224 9796
5159 3396
4790 4360 1710
2475 4167 9784 2932
9284 5380 2944 8268
6760 9473
3424 1784
3860 4139
5924 6676 4215
4994 5608 7012 3079
395 919
2546 3881 4888
388 8674 9788 8417
6836 3123 3560
468 9080 6955
3598 7717 1316
7198 47 8037 3922
9113 5004
4871 282
157 8688 8787
8579 2937 9405
4597 2871 9751
6668 4239
7176 5729 2520 1130
8391 7805 9313 8540
8295 2266 5763
6402 4256 1079
7417 2809 5336
6933 8968 5484 3945
2053 922 7483 9728
101 5987 9505 2577
8669 1088
1646 1362 78 8972
1070 2751 7689
6441 5741 807
1001 685 5923
6255 5265
673 466 4644 8890
1371 8588
1032 494 9299 1765
409 9512
5660 7159 5605
4403 1055
2435 6068
7920 8570 905 9031
5233 5588 7602 8350
5456 7974 3252
5401 6738
7305 7644 376
1894 6027
1285 9916 2036
8010 618
6992 9448 4285
7076 1076 8262 8954
4163 6596 4624
6544 9191 4171
6777 4016
4406 5739
8979 535 2915
6062 6207 4239 2869
7875 5987 1187 1804
1217 4287 2138
462 6788 3416
7922 5723 1061
3887 662 7697
9079 141 9179
5599 3026
9518 3523 849
2791 5843
3497 6504 9177
5409 700
8590 4052 9368
9444 1169 8663 9168
6654 4043 2754
7690 299
6686 3094 8869 8269
6978 2905
6860 6361 8944
4712 1792 8193 9630
6934 9648 6300 6489
8619 9441 1449 5851
3073 1511 6207 2782
9303 3694 16
4345 1769 9091
7776 1243 4623 9566
991 4102
1332 5801
5461 7063 5318 8841
5317 9710 9436
1412 3331 6057
2735 8900 8342 8990
4272 8465 7151 3419
3978 2054
4543 6157
2824 6501
6503 8584 1402 9836
9788 399 7402
5992 6151 8210
7411 849 4905
4855 5520 1211
6141 298 2604 3513
5483 21 9021 6890
620 5226 2237
3460 9234 2511 2991
5537 8173
3671 420 7352
9358 7425 7413 9963
6206 4001
2080 4949 7837
2534 2764 8365
4887 1195 2753
1888 3161 9412 4673
3061 7945 894
9968 1540 1500
6210 4305
8128 6801 7404 3422
3577 4813 4625
8970 7168
4891 355
6258 2371 1425 1243
6051 3880
8319 8737 4529
4132 5186 8084 7174
4894 3429 4706 6030
8133 1787 1859 8064
1750 630
6963 5446
9035 2361
6954 4004 9492 7360
4689 831
9281 3290 4661 3502
1590 5556
7730 9148 2648
4270 4337
6187 5945
2098 7081 4821 9047
7148 3694 3449
3095 3125
4352 2851
4812 9190 2059
4321 1249 948
9189 5792 7420
2943 3052 6981 4620
3967 9844
431 3019 5648
8219 9501 6642 2491
5744 617
1798 8414 4060
6205 7772 5117 5945
2016 3902 3085
260 9753
6254 8652 4862
7852 8393
6009 5877 1403 7096
9065 7793
4938 855 6520
3438 8217 1332 4688
7123 5062 784
7090 7331
9337 6614 1354
6839 2691 8051 9376
5303 978 2262 7445
173 7668
9245 8797
8261 676
9924 9989 7737 1414
797 3383
4962 4322 4979
7327 1768
5672 9166 6416
3031 3620 1837
559 1593
7678 6159 1847 9816
4198 7789 9376
2363 4835
6263 578
7995 1436
404 6648 1794 310
2613 5885 7552
8153 404 5733 525
1776 653 669
8721 8714 9307 7624
5875 1699
8431 3787 6921 7516
7346 5060
1593 683
1979 3505 342
2688 9224
4065 7326 9041 9112
493 4682 3492 7894
3221 220
7767 56
9533 1264
8020 4498 3153 8884
9092 6853 9272 2272
3579 9555
1987 7226
8272 2416 90 7666
2156 9333
757 1783
9427 9022
4888 133
1554 4672
8284 6139 8453
66 9862
6211 2307 7081
745 263 2884
9839 2122 8573
1403 487
8829 9707
6786 9330
4212 7812 9466
1326 8650
2148 766 5626
1180 9868 2 9808
3664 5337
5782 978 5545
1258 5304 130
4556 6592
8404 9632 1216 7783
724 1312
8940 3728 2652 657
3841 8908
4350 6747
3069 4267
7970 6538 931 2295
592 2554
2198 2769 8670 8934
6412 5792 8797 4580
8960 6836 875
7927 3873 6575 2659
8630 7911 1336 2199
3886 1416 973 6338
2684 4140 9642 5
603 5897 2571 8481
407 5696 4882
5706 9817 4596
4781 2967 4830 3659
6622 2784 4715
4088 4608 1646
2502 9170 3232 5845
3987 1951 3057
9447 3029 1906 5095
9248 8558 256
4380 9394 1136
8846 2869 1177
8043 4659 3106 8373
7244 3093 6989
4217 1104 1494
5593 1979
8160 8321
8208 5561 7831 58
63 2230 7327
8338 7452 8092 2628
6682 9628 2803 2491
2496 3865
7899 4814
2686 7633 1628
4986 5657
7615 5853
1756 5881 1518 4498
5261 114
4530 7879 8029
9133 7590 8535 753
1297 4741
3908 727 7762
5469 1804 4666
2199 9446 8666 8319
7959 5203 6902 7808
7343 3875
4723 1057 5188
5436 800
2537 3545
2640 3454 1143
8852 3320 7777
8030 3129 1871 6998
4485 3040 1822
3807 1279
4870 7770
946 6376
298 1158 2116 2691
2392 6060
3444 7034 9240
8714 3304
5628 6058
1071 9928 2945
986 4772 4991
4459 8183 4626
4452 436 1210 4542
4036 5213
5546 3451 1902 8356
5523 3512
988 7303 5842 7270
8018 9776
8834 8311
9230 4788 4799
9571 2909 329
5767 9235 4435 2508
7698 13 893 4095
2457 5710 1782 7192
8306 4322
3694 8253
8235 2538 9191
1971 4529 9429
4457 4840
6328 4204
4685 3417 8818
6282 1854 2927
7606 7590
5729 4259
2136 7398
4683 355
859 6326 1464 9943
1052 7934
4966 8465 9669
37 3651 2586
9021 5391 7358 9022
5712 9636 5842 5295
5982 7030 4157 500
5320 7918 2990
4570 6567
9995 876 2285
2057 7485 7145
9397 1419
5808 6896 8279 8653
9329 5043 666 6510
5208 6659 814
7917 9723 9809 3432
1900 219 2022 4087
5554 2290
9341 984 3141
1675 1393
3448 8956
1084 1946 4330
6183 3103 96 5188
2399 4028
4768 2860
4824 3641 1177 8994
2123 2388 6032
3822 9423 338 4488
4109 5413 2199 2166
6163 1012 496 2258
7279 3338 9524
4320 3554
2907 5982 1015 791
2043 2300 1139
9620 7641 1910
7439 5002 1385 6619
6010 1718 219 1847
1561 2587
1553 3407 9786
3618 916 4695
7082 6429 7842 5345
336 9490 248
2133 6231 4556
4714 5918 2280 179
2423 1869
9690 5893
7002 4126 3899
6948 6418 9821
3735 3658
4171 961
5190 2335
1389 7748
9467 5771 9077 2613
3731 2222 5266 2390
6794 6620 4592
9784 2173
3514 6972 4707 7166
903 224 1402
5308 1917 9804 7362
494 8233 8784 3409
5304 6279
2893 5139
905 8855
3533 2304
5879 1159 5490 8735
1255 6892
7910 6502 2064 2719
585 5064 113 2463
3969 95 1266 3682
9244 1430 1464 1238
9719 5064 1296
2440 6375 9805
3900 39 3667
7538 677 4044 8103
547 5452 1971
2983 4816 4986 4306
1324 3844
7199 709 6474
3730 9418 6576
5629 3150 996
2459 8800 1545 5170
7968 3687 6191 3732
254 8951 5605 3179
6301 7356 1420 5058
3210 2560 9478
189 3695
2828 1934 5860 3864
8352 5845 7350 4402
6132 3572
8774 3531 5689 1585
5770 8180 2622 1851
4701 5231 8595 3805
8884 9811 8020 1756
74 6517
369 1000
6256 7619 7292
9511 3011
7040 311 2649 3145
1592 7297 8022
3615 8825 5114
9457 6692
8209 9297 8473 8945
3927 2566 1559 7608
6462 3948
3953 9845 5059 8988
4517 4176
9118 226
8840 9906
5607 3717 7634 2784
6169 8176 4051 1799
129 9335 2878 1454
6115 5520 9673 3227
9143 4133 3619
8835 2939 5871
7650 9500 8743 8695
3951 5551
8528 6748 7890
7853 4164 7849
2244 4446 4231
7830 8349
5566 9962 9896
4510 463 6240
6577 5234 5067
9697 1108 5963 3869
1471 8139 833 3477
9519 6361 4312 6730
9682 3448
8850 2416 6024 1413
993 1948 8336
364 1782
8576 5341 6846 207
4312 1792 6741 1405
3790 4597 1942
6849 7503 4152
42 2525
2329 8385 1048 5774
8608 6924 7246
6529 3015 9885 7726
6448 1957 4363 559
9121 1583 5100 6371
3170 6239 2001
1439 4915 6666
6618 521 3542
8474 5291 3101
4078 7317 9924 6067
7833 5409 4436 9964
1490 8080
6657 3265 6824
4081 8557 3325
966 6986 6120
4757 598
7554 7773 7655
5149 1460 8294
6278 4075
1627 9058 8396 2841
9051 5928 1494 8669
5004 2381 4227
2649 3113 6995 5902
8129 2562
8073 3353
6937 9996 7938 6833
6700 469 1286 5475
9911 5541 5294 8438
4302 2848 4259 5345
1154 4533 2837 912
3684 5993
7295 4915 8516
9581 6734
147 4596
5413 4301 2214 8658
2295 2101 3511
273 1404
6966 8425 7150
4717 2612 5866
7438 5611
9032 2262 2191 8196
508 6108 3827
8632 7471 1278 6811
3433 3695
2804 2088
6332 8276 7958 7001
545 3290 238
4614 7297 9895
667 4466 3200
5335 5929 225 6321
3720 3580
9296 7956 7381 8209
9159 1135 7194 1612
4882 8963 9679
9283 4516
6114 8964 229
1923 8593
2358 6850 7521
697 5671
4138 648 4399 1940
6616 458
5542 3424
160 8663 5585
5715 8227 4148 9116
9452 9587
3650 2416 90
88 8420 2210
456 6811
2629 6785 9867
8200 6154 4644 235
4847 8663 411 747
6370 4149 5107
3158 3996 5661
8203 4440
2669 1507 3493
3865 9669 8636 4483
7200 6391 8733
9267 9318 2763 2213
1192 6816 2194
3769 1895
9631 7514 2526 6476
64 1067 3040
6408 5727
4612 4582
3933 2085 2001 841
5704 2843 2188
1482 3475 400
6843 1872 266
7618 5585
2230 3860 2752 6506
6452 4951 9561
551 3686 7102
3220 1844 3359 3121
4413 7239 1302
471 1798
6477 6881
7234 6351 9403 8746
7800 9720 8713
9312 6759 766 3313
8702 2180 6091 1459
9212 8913 2591 3053
2803 5482
2942 5271 8570 6651
7137 4808
5836 6927 2483
7546 2388 8897
1112 7841 5518 4334
6430 9299 4170
9494 3482
6723 620
4538 979 5125
8011 1690 8361
3817 3338 7615 3850
4587 2244 3976 7001
2542 4327 5300
4535 6216
9389 9632
9878 6332 570 7328
2456 9112 3848 8346
8849 1188 8009 3802
7452 7428 659
1812 9965
7646 8398 4223
6871 2705
4678 8908 3354 537
642 7340 9307 7625
3019 9643
1612 1658 9161 9506
8832 2111 8248
5383 3828 2247 4608
51 2685
8375 8565
9966 7359 6826 4650
2380 8779 2125 2393
6815 4991
5251 5186
9365 1290 7006 2131
3222 2150 5407 9437
4421 3529 9275 9637
3537 7011
4905 5692
2106 9425 587 9450
3952 1978 8899 4575
7885 7399 9444 7615
3217 9540 2810
7015 9966
7448 3138
2084 7932 630
8769 2417 5187 720
6875 1158 5985 91
1119 6274
2035 2841 814 3599
805 7590
3509 8215
2063 5940 7731 39
3246 5949
1927 5163
2223 4222 3337 3880
7918 3592 1266 4314
6993 5948
2077 8189
94 1866
1336 3079 7170
8253 3448 3694
5852 9417 768 7977
6395 9240
3439 4675 1294
8757 7658 9075 4972
3984 3038 1876 6529
3596 5347 4485
7665 2702
5665 6661
1357 1544 72 1582
1568 1339 600
1064 1068 396 8203
5041 8487 3466 8103
7697 1520 6180 1633
7498 6302
7481 7505 2200 2711
3930 8461 6482
8445 6605 9153 607
2451 5691 3635
7514 7474 1729 4907
8994 1985
5460 2539 5896 2699
3349 689
2950 5644 6016 8088
2250 1862 9747
1199 1549 9757
3001 3489 4994 2286
6259 8745
8345 3282 171 4923
8475 6162 5117
3751 3385
1085 9112 4435 8612
8355 9834 7873 4274
3042 2888
9618 880 5651 3135
2065 3777 2921
6071 5945 9961
6236 4632
8584 8006 246 3334
5171 4131
2578 5050 1187 4689
1452 4572 2738 125
541 2599 3313 1240
5023 6743 711 8334
6790 474 9044
6097 2978 6667
3837 227
8196 9155 61
3904 7628 8990 5641
9576 5787 2186 7703
5669 1613 510 2639
3342 4095 3769
1270 1234 2779
181 1392 5457
6784 1330
1091 5161 8982 2931
8864 5146 7273 2059
8070 4119
9952 2035
7222 3541
374 1188
947 1437
563 9660 9918
6559 2144 9902 657
6834 5220 636 5822
5514 1761
5218 5586 9741 1781
3238 8846 5434 7537
2492 9030
5366 8369 7330 3801
1631 2103 2873 4048
7608 6456 1827 7752
1041 9709
2677 1536 2667
5373 6188 5641
7661 3722 5842
2185 3889
3235 585 5200 3980
8499 4060 6360
6473 8872 1190 2587
4589 8570 1304 4254
3182 450 860
7622 383
6695 6327
4502 8641
6537 2227 6695
9466 6250
1437 2204 2591
6584 4092 2718
2318 312 6346
8374 4828 4163
8559 4175 4650
7532 1114 4064
6574 8179 3351
9899 5249 3710
6583 6085 7420 6465
355 300
9564 6826 4460 5507
682 2460 8503
6076 3246 3362
8387 5357 60 5973
965 9268
4311 1175 8959
2488 6983 6071 56
6525 3883
686 6251 6760 8415
4335 477 4228
6709 1835 3993
4015 1160 3169 2071
221 120
7296 5109 9082 1605
2121 4012 4835 4155
3399 1749
9291 5186
3655 1227 5378
45 5031 1233 9339
1126 752 8631 5804
1195 7680
1109 7339 8274
7984 2247 4892 6387
4104 3733 6459 7088
4080 4213 7429
1310 6655
6218 5005 9020 834
940 8323
9791 1582
6482 3699 1831
6809 9084 6504 5006
798 7404 9169
6139 2368 527 9909
3248 7756 6887
8537 8176 7985
1 7308 7352 3289
9496 8304
9217 3891
5183 9782 8813
6451 6206 5481 5704
249 181
2394 4054 9107
9786 8349 3675
9325 3224 5795
5757 6543 6908 4826
2856 883 8136 7796
5058 7772 6301 5657
6642 5482 4039
6054 6128 3167
3239 1323 1704
7634 6900 5098 3717
4858 3608
2708 8221 8688 9985
5055 4593
7010 4594 6771 7640
5965 7634 3333 2856
3149 7485 173
1280 2864
3873 301
7496 1198
1771 6810 7183
7713 641 2010 7054
5988 5981 9636 904
9386 382 5895
5360 4975 1547 470
8083 7446 2434
9106 3698 8296
7534 7322
2314 7627 6543
7321 571 5267 9939
9868 7391
9064 7486
9454 2264 7771 5351
5451 9561 4776 929
6178 3289
3747 8680
3573 6558 6484 2687
833 2861
8986 4102
1256 4493 2282 1207
6291 6812 3766 3824
8526 5773 4452 4943
4254 8982
1551 5987 2520
2580 6631
6959 435
8174 240
8580 95
1013 1165
2973 9379
6898 9527 6116 8015
9180 4273 5646 5521
1173 4178 8879
4164 4936 1388 3151
8075 3055 1980 765
3931 8191
5717 421 2804 2800
6167 2279
9774 2024 9650 5005
5617 8428
4221 4553 5669 6347
5142 3499 6805 2055
5695 7561
6561 3580
2886 7382 9444 6510
1405 9256 7057 8929
712 700
2442 5402
8734 8033
9996 7432 7650
3637 6306 9340 8089
2563 3478 6150
6087 1265 1768
4893 4879 4154
614 6059 786
1023 6008 2972
7202 9083 8046
9135 6340 8809 7021
211 289 3154 5580
3857 8733
4333 3456 1916
4988 7622
2219 4074 7815
7424 154 4987
5833 3997 3428
5043 747 7618
2332 1937 7439
721 7309 2424
5671 5156
7510 2616
5141 4319
3407 5051 8153
485 353 6428 893
7427 9416
1578 7468
196 6639
340 6331 3803 1013
8328 7182 2458 7810
2072 7814 2633
7528 267
8715 5632 6993 8963
9789 4174 2749 8457
299 9185 3188
8059 8555 7793
9468 6700
3169 4143 2872
5298 7213 4936 296
8556 2716 3158
418 2252 9074 8948
5787 7753
2806 8899
7324 6675 8864 875
3241 8149 2815
3175 1559
782 5331
6645 6158
2026 5159
2376 4748
4113 5855 5079 6715
6295 2667 855 7842
3685 4101 8371 8905
2288 9012 9130 5063
1545 7486
2598 6870 4747 175
8872 4373 659 3852
8114 8372
8116 2376 650
820 6790 2398
2560 2211 2417
7115 8174
3305 5364 6637 4844
683 6176 4863
2220 4239 9850
9028 3075 3113 9297
3571 519
5094 4362 6541 9745
3088 7843 7741
8795 3010
9862 5283
1370 4732
7988 1346
1739 1439
4929 6331 7886
1300 9715
4545 2442 8725 8788
3505 1836
9333 7615 2671 2082
2172 58 9452 376
3176 3926 626 6350
9137 3466 639
8957 6797
156 7439
460 410 7083 2265
561 3790
6516 3543
6844 8715 2937
3809 9609
2149 6849
6751 9736 5846
2870 7063 7666 1897
769 4184 1063 3362
4557 2872 1402
9493 1590 4500 4377
7483 222 5087 9524
3348 5175 668
9755 3161 5488 8814
3461 4729
8379 9434 1773 8029
7780 165
8266 6667 5380
6595 1705 3203 1688
4810 7599
3045 5263 179 1211
1438 395 3276
6209 1417
5209 2413 6181 1335
1682 1967 2025 8306
7288 3368 5145
6148 402 5886 6244
8168 5426
2102 121
665 6395 8902 3866
378 7229 8003
5738 7834 4159 3914
9506 3484 8735 3574
4815 447 6757
2788 9712 4247 7212
4095 8587
3488 1052
5134 2338
8412 4837
9093 4351
6523 4034
8604 4449
8507 5267 8232
3658 1889 1307
2884 2545
6052 4937 4664
92 1926 6638
4948 1442 9164
1291 7409
3903 6891
1055 3232 3547 5702
8028 5514
7075 616 6875
3502 541
7588 6446
3000 736 1866
1834 9677 2218 6577
593 6352 3452
4857 8616 6521
3498 8430 7852 7538
2139 4808
7066 3793 7531 4600
599 5808 6360 3571
874 6194
2818 2854 7880 2248
5293 5149 6923 5625
8017 3920
594 5141 1015 7846
1950 6849
8000 6192
5960 2535
1995 4285
7607 4124 9481 3420
7020 2281
497 895
6309 3609 8591 1776
2980 5777 3844 299
5952 523 3483 9712
2005 6230
8767 7133 6762
9700 3071 1192 3851
9026 4485 3286
6384 4685
3432 6749 6667
6868 2625
9099 8005 5642
2233 942 81 2727
8337 2553
4989 4618
7041 1235 1149
9256 5993 3618 6027
7822 1324 9627 3327
960 6948 622
6498 5916 4911 6948
5429 8571 144 4871
8465 1096
8186 5743 4877
2045 6507 3506 6902
9478 9535 4669
2526 4247 1533
5402 1222 9067
113 9726 3254
206 9089
512 6592 12 7198
7193 4372 4419 9127
68 6749 2765
6555 653
5536 7106 9090
1945 6626 7273
7177 7087
1449 7655 4014 5073
6720 1730 9468
8489 2350 7476 7962
5042 6914 4387
7215 2289 2126 5835
3479 3654 4012
2449 5097
4355 4184 3892
9072 4784
7703 9252
5427 350 4484
9854 8474 3101
1872 1773
7755 1304 6238 8856
7278 6143 9064
4144 8577 3405 6652
9492 7933 9917
6012 4860 8938 4523
1728 570
8749 8608 7684
9057 6506 1715
9349 8962 2051
5374 1414
7119 4877 3823
8575 1167 7479
8876 4993 2951 7953
4898 4614
2510 8570 9131
2833 9041
8459 1837 2933 7434
8558 9248 8992
1720 2923 3697
9038 1481 79
7857 6662 5355 6188
7672 388 8947
5419 7671 9612 8820
5949 2706 968
2469 5307 5172 1267
4284 8508 633
3273 6717 2168
9473 7309 7785
7096 3351
8182 3317 7822
4648 445 2657
2846 4108 7114
548 887
3854 5478 6450
3565 2095 3029
8394 5816 5515
836 2305
4047 8772 9669
8434 4170 3192 1688
2504 9906 4563
2112 8493 7150
7233 9998 8910 9263
9703 7588 5967
5084 9367 2325
1240 545 565
8127 2630 621
3215 6060 5544
990 1941
3378 7022 8249
670 238 5610 6334
2689 7851
957 969
5420 3262
318 4319
2307 838 3091
1808 4400 4777 483
144 7435 8932
994 2220
950 8036 627 1673
5496 3209 3646
1830 8077 2646
8827 3587
9916 5052 5626
4690 9463
4332 4004 2452 9183
2643 6082
8701 6664 5288
8946 2720 6458
4903 3566
9097 1697
2836 4064 8706 5843
7211 6552 596 7258
9359 2259 5748
1617 5199 3789 117
9587 8677 6168 3521
1955 8339 2898 2691
43 1586 9687 2177
8605 9850 7770 1716
2872 4207 5583 4198
3223 790 6146 7722
2226 267 840
7799 8771
5178 5739
7726 2723 4135 1082
6231 4037 3855
5518 574 9722 9677
3763 8273 1954 2592
9953 3868 5577
1087 3574
1060 4842 2361 7707
2397 5564
3661 8440 0 8055
654 3957 3541 3318
5356 8978
3053 3875
1454 6348
2928 4437 1719
9767 3283 6743 3581
1893 4841 9924 3323
4643 60 8518 974
9127 6857 5456
515 8016
9741 8616 4650
6878 6456 4562
6401 6785 150
8492 5283 8589 3617
4661 3 3747
7203 90
6385 182 9714 1683
8369 6033 309
1523 5507 2669 6535
9073 5505 1212 9545
1334 1819
1896 9435
3474 388 6055 1839
7692 9094
2472 2892 8562 181
9758 6754 7754
7281 332 6144
8787 9225 3804 7681
6196 1545 4030
3391 1634 5264
5111 7803 8854
9203 1813
3450 8243 9913 8410
6397 778 1915
5526 4110 5364 5593
4752 1330 5485 4283
6697 6030 5021
5959 5766 2901 2440
1954 2770 4140
2337 611 8189
6371 441 2422 9163
9662 9262 6319 5734
3244 5877 44 3423
4262 13
3115 8603 8829
500 245 8410 6531
556 4685
2815 8912 6327 438
9287 8581 9088
5129 123 6974
2092 4644 6664
2243 8719 2177
8273 7488 9350 5012
9806 4412
1241 2889 9202 2996
3576 8493
6767 4631 7710 4392
6547 7922
3155 6971 6855
876 2770 1094
448 5144 2466 9288
8495 7614 6295
2930 7403 6444 8990
9184 5281 8841
6422 7697 1752
4688 1235 763
6213 1922 4997 3986
8041 9712 1835 1255
6550 4695 711 4439
1447 9619 1197 3085
5547 7909
2411 9124
7056 1887 2424 1893
5355 1957 3346 3041
1633 381
3783 1132 7654
6375 6244 6013 4459
7093 8862 3667 7859
6152 1545 3233
8478 8598 1304
1442 7771 1766 8589
4091 4135 8286
7575 3289 3089
2927 3507 5438 7351
1089 6518
6011 7222
679 9261 979
9557 2204 4743
3297 7615 9556 7433
6081 7683 3459 12
5247 3268
1559 4360 1827
3339 9427 9954 4168
5778 6474 3529 7572
2141 436 4542
3032 5294
7442 3092 1637
178 3132 2791
9145 6896
635 8210 138
1105 4672 4278
7516 9863 3661
2579 6179 2270
8753 7943
9406 9557 7897
1153 161
619 5044
7723 3892 4413
4118 6951 907
6935 7864
8297 2627 7167
2796 9914
5950 5713
2941 1802 7824
78 9724 3373
6704 5501 6406 9859
1473 953 3590 9318
6353 3484
9538 9275
1026 9906 7829
7273 1148 1945 3322
9234 1574 1207
1229 4419
6942 5337
691 4912 9757
1721 9512
3482 8392
1823 2235 674
9138 4117 6772 6925
4664 6052
9684 1845 9954 8789
3324 3396 8845
1236 5179
4912 5424 3743 7606
3046 839 1569 4871
231 751
4025 4241 304
6632 7154
9464 822 4657 2748
5723 9217 2466
5673 7264 618 1809
8997 104
1763 9704
1516 9113
7579 9238 2409
1063 5474 2302
7126 5421 6349
2674 5718
6766 3187 7064 7391
9537 4140 1641
7092 6449
3368 8319 6947 1181
9629 547
7059 4546 6335 9297
1505 8499 9682 9472
136 3204
264 9770 3024 9302
4763 5795
3183 5759 552
7376 6494 7782 1811
4123 9817
120 2785 4587 2154
2252 2327 5557 5632
3686 3045
7455 5945 3847 6205
5802 814 4940
3633 8244
3688 7228 2906 8596
7587 9455 3436 7179
9218 388 7744 4560
5710 4544
1725 2378
7782 5595 9221
8544 8102
9352 6290 1490
7656 3318
1339 9687 5466 7081
9891 2003 5359 7265
9653 7964
6625 470
6286 2659 7216 4106
1748 8875 6226
1620 5092 7621 7617
6137 8956 1498
5018 8416 8445
4751 1059
915 5675 8792 334
4777 1061
6203 2756
9477 4679
9390 5332
8385 7697 4590 670
35 1983
8697 5741 3201 7114
6903 1786
4150 591
4009 1856
6833 2429
5168 7881 2117 4654
927 6273 1927
8189 3371 2494
6571 1452
3998 6404 107
621 3199 7021 9452
5391 5037
2728 6319 4594
1729 9734 5426 7332
3719 4586
7840 6922 7107
3646 1567
363 9339 312
4993 5552 9467 2613
4956 27
3936 2451 9744
550 6884 602
7982 7404 6702
629 9125 7443
2052 4396
3501 4598 4411
6526 7493 2558 3360
138 8553 8626
4850 4105 4673 438
4174 306 2375 5044
6761 3055 8868
6145 8221 624
5719 812 8775
4987 7478 7424 4982
2576 3223 9377
1354 1108
3620 7870 1384
3892 858
4820 6500
7829 171 364
6461 8173 5537 7102
2676 7378 1790 1013
2514 3403 8368
3729 7015 8298 6711
9420 7225
7364 3421
9196 4146 1691 6041
4926 2975 3208 2080
3656 5277 8199 1961
277 9933 3897
4742 1722
6535 5602
6112 8206 4581
7610 1312
2764 4179 393 4338
8557 879 6600 4224
3472 3481 709
934 8505 1287
8242 3150 1132 2815
5085 6061 2377 4713
3452 6984
2685 4610 7959
8755 5649 128 8929
5872 323
413 2574
6324 7986
93 2873 8049
1387 6759 827 7235
2832 118 4620
6317 4173 5022 5707
8807 1766 6409
727 3981 973
6534 8126 1714 2583
2896 135
20 8612
2118 9164 2707
756 1453 6795 6666
6491 3252 1261 4419
5842 5334
1847 8836
321 2039 9202 9015
7163 6540
5825 8230 6997
2299 3316 8868 8484
702 4415 9580
6679 2363
9726 8180 4797 9228
656 2507 3485
6181 3067 9751
303 8978 5390 1566
2417 1123 7556
9568 6626 9439
5751 340
5708 3640
759 4716
6216 5756 1214 1072
104 1384
3638 9 2541
9672 1116
1396 623 4392 4441
2925 9058 1998
1833 991
4044 5547 6750
7699 2397 5857
319 5605
8220 3615 5889
9842 1924
8712 6758 8296 656
7178 965 7990 3245
350 5089 4971
5684 8534
5609 3552 1858
558 6823
4544 1618
5179 8630
6755 9823
8380 6751 4542 234
8688 2731 6374 2486
980 7419 3725 7675
6596 6229
6146 4801
2484 9669 8383 8212
8225 9154
5157 3762
6879 6450
8965 3039 9580
6476 2207 2715 4206
3077 542 981
6125 8411 4065 1919
1960 7103
3434 1999 5054 1034
271 55 8782 1818
2690 380 3442 1554
5986 4583
3174 8018 4259
8289 9624 7632
5275 2569
7630 8919 3751
1058 710 7161 2439
7018 9831 144 7840
9294 4095 7161 1643
6303 7955 6309
9752 7582
9762 4488 4093
8350 2231 7079 1826
4562 3570 470
1610 8354
6997 4081 6966
8357 1662 2445 1460
4636 5945
1574 1161 8593 7747
1797 5235
7749 8217 8882
5860 3138
5755 7979 7352 186
305 593
5585 6459 4409 9749
8460 7503
7659 5373
6980 7836
2834 3484
8444 5710
8908 400 170
3563 8320 6378
6364 6263 1752
2270 867 8982 9099
4135 17
9220 3820
9071 6507
488 1737 8158 663
9009 2035 6686 6915
3227 5542 2863
3789 8274 6173 2843
1983 1817
3325 8706
2041 7202 9207 1423
5505 2023 4914
502 2237 8280
6510 7279
9315 2158 6865
8032 9079 1297
1740 891
3126 4027
167 5552 8800
1573 9118 8248
6415 3353
2032 3447
580 2249 2757
4564 353
5948 643 4560
2122 6885 9454 8419
4100 6212 4741 5857
7256 3216
6330 7343
6746 4925 773
8277 9918
4227 227 645 7144
7739 8421 8362 9211
1414 8458 5625 9420
7257 8187 4597 6181
7449 6764
6078 8237 1318
690 9341 9379 3703
6990 6141 1264
6847 8087
6699 5001 6540 8758
9202 4114 3380
9999 9831
137 7159 3193
3136 3028 4455 800
2322 3226
4339 3386 7900 7414
6024 898 29 8133
478 2211 3918 5564
2721 3779 2364 9073
7057 5560
6016 1674 1839
4288 7657 2638 1410
845 2665 5311 397
9847 4267 5835
8100 9391 2205
2752 332 7055 835
964 5921 6879 2741
7286 992 5865 4446
9613 8472 499 3327
9731 3494 4256
5290 6245
5837 1068
9425 9450 7403 6036
2881 6698 4277 3212
2487 5929 4669
3475 6370 8002 2571
3056 9646
9935 3311 8028 3897
3780 6089 2286 3495
300 31 6923
8134 5773 2546 133
645 1981
2207 6953 9977 7869
529 9012
8713 1117
6500 5704 5048 8645
549 8799 9945 4456
1261 5868 2189 9724
6013 4492
3626 9010 2554 5876
8469 9038 2500 5743
7886 5391 2528 1951
1926 3495 3753 1196
3285 7291 3081 5103
2401 1344 9598
4256 1911
7568 9380 2871 7113
4124 1941
4101 6117 8267 5892
15 7080
1540 3899
4622 5239
6826 9945
227 8443 8176
7468 4390
9907 5769 2693
7441 4399
3880 5039 3293 1741
7266 1785 195
5082 2183 359 3402
8454 6860 1330
446 8663 4240 3124
9458 3356 4914
7192 1822
3141 303 9982 5076
8925 7691 2486 1541
6329 4466 3938
290 923
162 8156 7052
8136 8223 2031 4436
8163 4498 9377 9606
3713 4508 550 825
447 1757
6120 2103 9862
6950 6727 6398 2201
7091 4875 3333
389 3034
4028 4473 1943 7326
5866 6875 4143
6372 9972 6669
2596 2552
7734 8735
8875 7474 4838 2715
6424 9817 3574 1190
7737 1662 7988
5433 2213 7023 4281
3504 3769
7359 8548
7531 4906 7753
3786 5426 2941
2101 104 1699
9505 5693
615 5581 9544
3012 2812 502
9734 8307 4838
7310 7651 6989 2759
5468 5711 821 4738
9840 3312 271
6437 565 5741 7981
675 7319 7849 9091
8256 1106
7539 7387 1773 6053
4576 7326 9441
7909 5018 1996
7418 319 2000 5660
9612 8491 5317 126
6080 2536
9253 969 862
9549 6473
3451 239 6135 4648
6901 2606 3044 3825
6680 3217 4378
7791 3291 9343 4188
881 3188 6196
5748 3450 4579 2509
452 2632 2916
5610 9195 662 1112
2015 3623 7555 7034
7146 1591 9480
7586 4643 9785 7035
1220 1191
7267 216 4456
7710 4901 8539
3914 5201 4631
7405 3715 8276 7520
246 2691
8527 529 6747
2503 891 4101 375
2271 123 5217
5817 5369
9575 7630 9649
4137 643 3988 2703
6039 2979
8545 4305 5818 3278
2763 7925 4557
6970 3772
6840 3851 5007
7560 93 360 9676
7801 4162 1313
8159 1335
8038 6700
7003 5528 8574
149 475 9111
9288 483
6432 18 89
3099 0
9513 0
1319 0
2131 1
9365 1
4381 1
8833 2
2092 2
346 2
3 3
565 3
545 3
9967 4
6391 4
6920 4
8172 5
713 5
9553 5
3613 6
6783 6
9197 6
3892 7
1928 7
6061 7
989 8
3338 8
9333 8
2301 9
4074 9
6235 9
6679 10
8144 10
7884 10
712 11
2660 11
4855 11
4042 12
2289 12
7512 12
6010 13
6494 13
8264 13
1096 14
5668 14
3971 14
5768 15
15 15
3496 15
366 16
3571 16
9472 16
8068 17
7935 17
7036 17
486 18
8477 18
4580 18
5602 19
1858 19
7442 19
7429 20
1745 20
6434 20
939 21
8312 21
8563 21
2233 22
81 22
2559 22
4141 23
176 23
2767 23
9388 24
8696 24
4363 24
6443 25
6385 25
2499 25
5141 26
7417 26
8999 26
4866 27
6919 27
1253 27
2514 28
2911 28
5663 28
3792 29
1178 29
7245 29
7934 30
8416 30
9956 30
3821 31
2981 31
7305 31
8112 32
6745 32
3955 32
3257 33
7307 33
4945 33
2957 34
4256 34
669 34
1810 35
7845 35
4522 35
4982 36
6824 36
302 36
5846 37
1334 37
3429 37
7405 38
570 38
5647 38
5565 39
2831 39
8915 39
1726 40
7072 40
2622 40
3470 41
3574 41
4596 41
1652 42
6802 42
6328 42
